0.000000e+00	5.883055e+02	5.883055e+02	0.000000e+00	8.200000e+01	7.859135e-02	
1.000000e+00	2.496279e+03	2.496279e+03	0.000000e+00	3.570000e+02	4.324653e+00	
2.000000e+00	2.757645e+03	2.757645e+03	0.000000e+00	4.180000e+02	8.615009e+00	
3.000000e+00	2.945792e+03	2.945792e+03	0.000000e+00	4.400000e+02	1.306091e+01	
4.000000e+00	3.328294e+03	3.328294e+03	0.000000e+00	4.990000e+02	1.738948e+01	
5.000000e+00	3.402698e+03	3.402698e+03	0.000000e+00	5.010000e+02	2.173801e+01	
6.000000e+00	3.133573e+03	3.133573e+03	0.000000e+00	4.610000e+02	2.606722e+01	
7.000000e+00	3.292905e+03	3.292905e+03	0.000000e+00	4.850000e+02	3.040655e+01	
8.000000e+00	3.602252e+03	3.602252e+03	0.000000e+00	5.300000e+02	3.491388e+01	
9.000000e+00	3.359759e+03	3.359759e+03	0.000000e+00	5.090000e+02	3.961636e+01	
1.000000e+01	3.253935e+03	3.253935e+03	0.000000e+00	4.950000e+02	4.426967e+01	
1.100000e+01	3.480062e+03	3.480062e+03	0.000000e+00	5.190000e+02	4.865076e+01	
1.200000e+01	3.081057e+03	3.081057e+03	0.000000e+00	4.560000e+02	5.301812e+01	
1.300000e+01	2.979471e+03	2.979471e+03	0.000000e+00	4.400000e+02	5.742187e+01	
1.400000e+01	2.976108e+03	2.976108e+03	0.000000e+00	4.450000e+02	6.196496e+01	
1.500000e+01	3.112179e+03	3.112179e+03	0.000000e+00	4.710000e+02	6.639287e+01	
1.600000e+01	3.152403e+03	3.152403e+03	0.000000e+00	4.760000e+02	7.089758e+01	
1.700000e+01	3.183442e+03	3.183442e+03	0.000000e+00	4.780000e+02	7.537342e+01	
1.800000e+01	3.362856e+03	3.362856e+03	0.000000e+00	5.030000e+02	7.983303e+01	
1.900000e+01	3.124981e+03	3.124981e+03	0.000000e+00	4.680000e+02	8.426101e+01	
2.000000e+01	3.239767e+03	3.239767e+03	0.000000e+00	4.850000e+02	8.872330e+01	
2.100000e+01	3.484326e+03	3.484326e+03	0.000000e+00	5.280000e+02	9.318588e+01	
2.200000e+01	3.113569e+03	3.113569e+03	0.000000e+00	4.630000e+02	9.762704e+01	
2.300000e+01	3.212714e+03	3.212714e+03	0.000000e+00	4.780000e+02	1.021347e+02	
2.400000e+01	3.266485e+03	3.266485e+03	0.000000e+00	4.800000e+02	1.066213e+02	
2.500000e+01	3.372885e+03	3.372885e+03	0.000000e+00	4.970000e+02	1.113171e+02	
2.600000e+01	3.239512e+03	3.239512e+03	0.000000e+00	4.810000e+02	1.161808e+02	
2.700000e+01	3.476224e+03	3.476224e+03	0.000000e+00	5.040000e+02	1.206884e+02	
2.800000e+01	3.290673e+03	3.290673e+03	0.000000e+00	4.840000e+02	1.252020e+02	
2.900000e+01	3.234007e+03	3.234007e+03	0.000000e+00	4.870000e+02	1.299857e+02	
3.000000e+01	3.136708e+03	3.136708e+03	0.000000e+00	4.710000e+02	1.343967e+02	
3.100000e+01	3.127010e+03	3.127010e+03	0.000000e+00	4.690000e+02	1.388054e+02	
3.200000e+01	3.370880e+03	3.370880e+03	0.000000e+00	5.160000e+02	1.432356e+02	
3.300000e+01	3.371444e+03	3.371444e+03	0.000000e+00	5.050000e+02	1.476723e+02	
3.400000e+01	3.292669e+03	3.292669e+03	0.000000e+00	5.010000e+02	1.521539e+02	
3.500000e+01	3.360124e+03	3.360124e+03	0.000000e+00	5.190000e+02	1.568304e+02	
3.600000e+01	3.607325e+03	3.607325e+03	0.000000e+00	5.380000e+02	1.614261e+02	
3.700000e+01	3.591855e+03	3.591855e+03	0.000000e+00	5.420000e+02	1.659494e+02	
3.800000e+01	3.264327e+03	3.264327e+03	0.000000e+00	5.020000e+02	1.704825e+02	
3.900000e+01	3.561240e+03	3.561240e+03	0.000000e+00	5.340000e+02	1.751279e+02	
4.000000e+01	3.317343e+03	3.317343e+03	0.000000e+00	4.940000e+02	1.797254e+02	
4.100000e+01	3.386494e+03	3.386494e+03	0.000000e+00	5.220000e+02	1.841681e+02	
4.200000e+01	3.324900e+03	3.324900e+03	0.000000e+00	5.060000e+02	1.885942e+02	
4.300000e+01	3.477135e+03	3.477135e+03	0.000000e+00	5.200000e+02	1.931530e+02	
4.400000e+01	3.420671e+03	3.420671e+03	0.000000e+00	5.070000e+02	1.977273e+02	
4.500000e+01	3.300302e+03	3.300302e+03	0.000000e+00	5.000000e+02	2.023688e+02	
4.600000e+01	3.225149e+03	3.225149e+03	0.000000e+00	4.920000e+02	2.069291e+02	
4.700000e+01	3.263052e+03	3.263052e+03	0.000000e+00	4.970000e+02	2.115355e+02	
4.800000e+01	3.413414e+03	3.413414e+03	0.000000e+00	5.070000e+02	2.161898e+02	
4.900000e+01	3.397684e+03	3.397684e+03	0.000000e+00	5.140000e+02	2.208567e+02	
5.000000e+01	3.426309e+03	3.426309e+03	0.000000e+00	5.160000e+02	2.255277e+02	
5.100000e+01	3.244104e+03	3.244104e+03	0.000000e+00	4.860000e+02	2.301575e+02	
5.200000e+01	3.315321e+03	3.315321e+03	0.000000e+00	4.850000e+02	2.348487e+02	
5.300000e+01	3.379321e+03	3.379321e+03	0.000000e+00	4.960000e+02	2.394730e+02	
5.400000e+01	3.394018e+03	3.394018e+03	0.000000e+00	5.030000e+02	2.441346e+02	
5.500000e+01	3.359348e+03	3.359348e+03	0.000000e+00	4.960000e+02	2.488199e+02	
5.600000e+01	3.083523e+03	3.083523e+03	0.000000e+00	4.610000e+02	2.535617e+02	
5.700000e+01	3.017394e+03	3.017394e+03	0.000000e+00	4.360000e+02	2.582719e+02	
5.800000e+01	3.104528e+03	3.104528e+03	0.000000e+00	4.640000e+02	2.629457e+02	
5.900000e+01	3.250779e+03	3.250779e+03	0.000000e+00	4.810000e+02	2.676301e+02	
6.000000e+01	3.473272e+03	3.473272e+03	0.000000e+00	5.170000e+02	2.723402e+02	
6.100000e+01	3.304253e+03	3.304253e+03	0.000000e+00	4.990000e+02	2.772834e+02	
6.200000e+01	3.349989e+03	3.349989e+03	0.000000e+00	5.030000e+02	2.821595e+02	
6.300000e+01	3.432154e+03	3.432154e+03	0.000000e+00	5.230000e+02	2.871442e+02	
6.400000e+01	3.090246e+03	3.090246e+03	0.000000e+00	4.700000e+02	2.922874e+02	
6.500000e+01	3.152628e+03	3.152628e+03	0.000000e+00	4.730000e+02	2.975901e+02	
6.600000e+01	3.191659e+03	3.191659e+03	0.000000e+00	4.800000e+02	3.027883e+02	
6.700000e+01	3.313012e+03	3.313012e+03	0.000000e+00	4.920000e+02	3.072120e+02	
6.800000e+01	3.301700e+03	3.301700e+03	0.000000e+00	4.960000e+02	3.126491e+02	
6.900000e+01	3.348561e+03	3.348561e+03	0.000000e+00	5.010000e+02	3.175178e+02	
7.000000e+01	3.189959e+03	3.189959e+03	0.000000e+00	4.710000e+02	3.219237e+02	
7.100000e+01	3.173619e+03	3.173619e+03	0.000000e+00	4.670000e+02	3.263193e+02	
7.200000e+01	3.286741e+03	3.286741e+03	0.000000e+00	4.870000e+02	3.320359e+02	
7.300000e+01	3.473475e+03	3.473475e+03	0.000000e+00	5.180000e+02	3.367051e+02	
7.400000e+01	3.274733e+03	3.274733e+03	0.000000e+00	4.980000e+02	3.416002e+02	
7.500000e+01	3.202798e+03	3.202798e+03	0.000000e+00	4.700000e+02	3.464279e+02	
7.600000e+01	3.293987e+03	3.293987e+03	0.000000e+00	5.050000e+02	3.513236e+02	
7.700000e+01	3.250468e+03	3.250468e+03	0.000000e+00	4.940000e+02	3.562382e+02	
7.800000e+01	3.597033e+03	3.597033e+03	0.000000e+00	5.420000e+02	3.611879e+02	
7.900000e+01	3.341858e+03	3.341858e+03	0.000000e+00	4.960000e+02	3.661638e+02	
8.000000e+01	3.281183e+03	3.281183e+03	0.000000e+00	4.860000e+02	3.711589e+02	
8.100000e+01	3.475304e+03	3.475304e+03	0.000000e+00	5.250000e+02	3.761193e+02	
8.200000e+01	3.431194e+03	3.431194e+03	0.000000e+00	5.220000e+02	3.813103e+02	
8.300000e+01	3.281678e+03	3.281678e+03	0.000000e+00	4.920000e+02	3.859706e+02	
8.400000e+01	3.517816e+03	3.517816e+03	0.000000e+00	5.140000e+02	3.906978e+02	
8.500000e+01	3.411455e+03	3.411455e+03	0.000000e+00	5.010000e+02	3.954728e+02	
8.600000e+01	3.451395e+03	3.451395e+03	0.000000e+00	5.030000e+02	4.004734e+02	
8.700000e+01	3.165732e+03	3.165732e+03	0.000000e+00	4.720000e+02	4.055004e+02	
8.800000e+01	3.400118e+03	3.400118e+03	0.000000e+00	5.090000e+02	4.104861e+02	
8.900000e+01	3.383262e+03	3.383262e+03	0.000000e+00	5.050000e+02	4.155308e+02	
9.000000e+01	3.502753e+03	3.502753e+03	0.000000e+00	5.220000e+02	4.206757e+02	
9.100000e+01	3.306292e+03	3.306292e+03	0.000000e+00	4.940000e+02	4.253694e+02	
9.200000e+01	3.197253e+03	3.197253e+03	0.000000e+00	4.770000e+02	4.300976e+02	
9.300000e+01	3.115518e+03	3.115518e+03	0.000000e+00	4.610000e+02	4.349332e+02	
9.400000e+01	3.138131e+03	3.138131e+03	0.000000e+00	4.660000e+02	4.398968e+02	
9.500000e+01	3.195592e+03	3.195592e+03	0.000000e+00	4.810000e+02	4.449389e+02	
9.600000e+01	3.247975e+03	3.247975e+03	0.000000e+00	4.930000e+02	4.499880e+02	
9.700000e+01	3.462494e+03	3.462494e+03	0.000000e+00	5.170000e+02	4.551165e+02	
9.800000e+01	3.357182e+03	3.357182e+03	0.000000e+00	5.050000e+02	4.603419e+02	
9.900000e+01	3.202751e+03	3.202751e+03	0.000000e+00	4.770000e+02	4.651091e+02	
1.000000e+02	3.446056e+03	3.446056e+03	0.000000e+00	5.150000e+02	4.698883e+02	
1.010000e+02	3.728823e+03	3.728823e+03	0.000000e+00	5.610000e+02	4.747118e+02	
1.020000e+02	3.449649e+03	3.449649e+03	0.000000e+00	5.320000e+02	4.796688e+02	
1.030000e+02	3.593547e+03	3.593547e+03	0.000000e+00	5.440000e+02	4.846912e+02	
1.040000e+02	3.614227e+03	3.614227e+03	0.000000e+00	5.380000e+02	4.898773e+02	
1.050000e+02	3.306098e+03	3.306098e+03	0.000000e+00	5.070000e+02	4.950071e+02	
1.060000e+02	3.220701e+03	3.220701e+03	0.000000e+00	4.940000e+02	5.001379e+02	
1.070000e+02	3.240479e+03	3.240479e+03	0.000000e+00	4.910000e+02	5.054433e+02	
1.080000e+02	3.135720e+03	3.135720e+03	0.000000e+00	4.570000e+02	5.102286e+02	
1.090000e+02	3.231392e+03	3.231392e+03	0.000000e+00	4.850000e+02	5.151542e+02	
1.100000e+02	3.255104e+03	3.255104e+03	0.000000e+00	4.930000e+02	5.200836e+02	
1.110000e+02	3.397356e+03	3.397356e+03	0.000000e+00	5.180000e+02	5.250595e+02	
1.120000e+02	3.428947e+03	3.428947e+03	0.000000e+00	4.940000e+02	5.301667e+02	
1.130000e+02	3.230413e+03	3.230413e+03	0.000000e+00	4.920000e+02	5.353192e+02	
1.140000e+02	3.387317e+03	3.387317e+03	0.000000e+00	5.110000e+02	5.405069e+02	
1.150000e+02	3.480985e+03	3.480985e+03	0.000000e+00	5.220000e+02	5.457272e+02	
1.160000e+02	3.594753e+03	3.594753e+03	0.000000e+00	5.340000e+02	5.510243e+02	
1.170000e+02	3.307786e+03	3.307786e+03	0.000000e+00	5.010000e+02	5.558831e+02	
1.180000e+02	3.590369e+03	3.590369e+03	0.000000e+00	5.380000e+02	5.606308e+02	
1.190000e+02	3.285746e+03	3.285746e+03	0.000000e+00	4.890000e+02	5.654904e+02	
1.200000e+02	3.257397e+03	3.257397e+03	0.000000e+00	4.830000e+02	5.704740e+02	
1.210000e+02	3.226621e+03	3.226621e+03	0.000000e+00	4.840000e+02	5.755860e+02	
1.220000e+02	3.051345e+03	3.051345e+03	0.000000e+00	4.540000e+02	5.808438e+02	
1.230000e+02	3.124881e+03	3.124881e+03	0.000000e+00	4.650000e+02	5.860694e+02	
1.240000e+02	3.319957e+03	3.319957e+03	0.000000e+00	5.000000e+02	5.913661e+02	
1.250000e+02	3.472479e+03	3.472479e+03	0.000000e+00	5.100000e+02	5.963466e+02	
1.260000e+02	3.313947e+03	3.313947e+03	0.000000e+00	5.010000e+02	6.011494e+02	
1.270000e+02	3.480779e+03	3.480779e+03	0.000000e+00	5.210000e+02	6.060551e+02	
1.280000e+02	3.527942e+03	3.527942e+03	0.000000e+00	5.470000e+02	6.111353e+02	
1.290000e+02	3.456998e+03	3.456998e+03	0.000000e+00	5.160000e+02	6.163591e+02	
1.300000e+02	3.175230e+03	3.175230e+03	0.000000e+00	4.750000e+02	6.216179e+02	
1.310000e+02	3.105251e+03	3.105251e+03	0.000000e+00	4.710000e+02	6.268879e+02	
1.320000e+02	3.277484e+03	3.277484e+03	0.000000e+00	4.880000e+02	6.321808e+02	
1.330000e+02	3.473024e+03	3.473024e+03	0.000000e+00	5.150000e+02	6.375766e+02	
1.340000e+02	3.516515e+03	3.516515e+03	0.000000e+00	5.170000e+02	6.430133e+02	
1.350000e+02	3.728682e+03	3.728682e+03	0.000000e+00	5.510000e+02	6.481428e+02	
1.360000e+02	3.432426e+03	3.432426e+03	0.000000e+00	5.210000e+02	6.529031e+02	
1.370000e+02	3.390666e+03	3.390666e+03	0.000000e+00	5.130000e+02	6.577451e+02	
1.380000e+02	3.432603e+03	3.432603e+03	0.000000e+00	5.200000e+02	6.626392e+02	
1.390000e+02	3.332446e+03	3.332446e+03	0.000000e+00	5.090000e+02	6.676848e+02	
1.400000e+02	3.583027e+03	3.583027e+03	0.000000e+00	5.410000e+02	6.728910e+02	
1.410000e+02	3.338966e+03	3.338966e+03	0.000000e+00	4.970000e+02	6.781812e+02	
1.420000e+02	3.262215e+03	3.262215e+03	0.000000e+00	4.720000e+02	6.835516e+02	
1.430000e+02	3.149022e+03	3.149022e+03	0.000000e+00	4.680000e+02	6.885054e+02	
1.440000e+02	3.233137e+03	3.233137e+03	0.000000e+00	4.860000e+02	6.933731e+02	
1.450000e+02	3.494948e+03	3.494948e+03	0.000000e+00	5.290000e+02	6.983370e+02	
1.460000e+02	3.136424e+03	3.136424e+03	0.000000e+00	4.650000e+02	7.034690e+02	
1.470000e+02	3.267967e+03	3.267967e+03	0.000000e+00	4.780000e+02	7.087306e+02	
1.480000e+02	3.228473e+03	3.228473e+03	0.000000e+00	4.790000e+02	7.141029e+02	
1.490000e+02	3.285127e+03	3.285127e+03	0.000000e+00	4.940000e+02	7.195014e+02	
1.500000e+02	3.467669e+03	3.467669e+03	0.000000e+00	5.170000e+02	7.248843e+02	
1.510000e+02	3.227113e+03	3.227113e+03	0.000000e+00	4.870000e+02	7.303140e+02	
1.520000e+02	3.104363e+03	3.104363e+03	0.000000e+00	4.530000e+02	7.357530e+02	
1.530000e+02	3.144412e+03	3.144412e+03	0.000000e+00	4.800000e+02	7.408222e+02	
1.540000e+02	3.459281e+03	3.459281e+03	0.000000e+00	5.250000e+02	7.456687e+02	
1.550000e+02	3.220170e+03	3.220170e+03	0.000000e+00	4.880000e+02	7.506064e+02	
1.560000e+02	3.313080e+03	3.313080e+03	0.000000e+00	4.860000e+02	7.557978e+02	
1.570000e+02	3.339346e+03	3.339346e+03	0.000000e+00	5.010000e+02	7.609889e+02	
1.580000e+02	3.333239e+03	3.333239e+03	0.000000e+00	4.980000e+02	7.664430e+02	
1.590000e+02	3.404072e+03	3.404072e+03	0.000000e+00	5.090000e+02	7.718009e+02	
1.600000e+02	3.640194e+03	3.640194e+03	0.000000e+00	5.340000e+02	7.772032e+02	
1.610000e+02	3.216778e+03	3.216778e+03	0.000000e+00	4.790000e+02	7.826423e+02	
1.620000e+02	3.172908e+03	3.172908e+03	0.000000e+00	4.620000e+02	7.880777e+02	
1.630000e+02	3.271187e+03	3.271187e+03	0.000000e+00	4.740000e+02	7.932520e+02	
1.640000e+02	3.360415e+03	3.360415e+03	0.000000e+00	4.900000e+02	7.981254e+02	
1.650000e+02	3.158011e+03	3.158011e+03	0.000000e+00	4.740000e+02	8.030554e+02	
1.660000e+02	3.418701e+03	3.418701e+03	0.000000e+00	5.150000e+02	8.081622e+02	
1.670000e+02	3.282772e+03	3.282772e+03	0.000000e+00	4.940000e+02	8.134561e+02	
1.680000e+02	3.079711e+03	3.079711e+03	0.000000e+00	4.550000e+02	8.188362e+02	
1.690000e+02	3.472580e+03	3.472580e+03	0.000000e+00	5.250000e+02	8.242808e+02	
1.700000e+02	3.397984e+03	3.397984e+03	0.000000e+00	5.120000e+02	8.297053e+02	
1.710000e+02	3.243595e+03	3.243595e+03	0.000000e+00	4.840000e+02	8.351203e+02	
1.720000e+02	3.319960e+03	3.319960e+03	0.000000e+00	5.050000e+02	8.404138e+02	
1.730000e+02	3.239852e+03	3.239852e+03	0.000000e+00	5.070000e+02	8.452552e+02	
1.740000e+02	3.317923e+03	3.317923e+03	0.000000e+00	5.050000e+02	8.501875e+02	
1.750000e+02	3.144698e+03	3.144698e+03	0.000000e+00	4.760000e+02	8.551661e+02	
1.760000e+02	3.278919e+03	3.278919e+03	0.000000e+00	4.960000e+02	8.603010e+02	
1.770000e+02	3.422865e+03	3.422865e+03	0.000000e+00	5.050000e+02	8.655761e+02	
1.780000e+02	3.282711e+03	3.282711e+03	0.000000e+00	4.860000e+02	8.708897e+02	
1.790000e+02	3.377760e+03	3.377760e+03	0.000000e+00	5.080000e+02	8.763658e+02	
1.800000e+02	3.138617e+03	3.138617e+03	0.000000e+00	4.690000e+02	8.817371e+02	
1.810000e+02	3.147093e+03	3.147093e+03	0.000000e+00	4.760000e+02	8.873494e+02	
1.820000e+02	3.160530e+03	3.160530e+03	0.000000e+00	4.780000e+02	8.929708e+02	
1.830000e+02	3.240232e+03	3.240232e+03	0.000000e+00	4.860000e+02	8.984195e+02	
1.840000e+02	3.428688e+03	3.428688e+03	0.000000e+00	5.190000e+02	9.040263e+02	
1.850000e+02	3.612109e+03	3.612109e+03	0.000000e+00	5.310000e+02	9.093700e+02	
1.860000e+02	3.578209e+03	3.578209e+03	0.000000e+00	5.370000e+02	9.150513e+02	
1.870000e+02	3.344198e+03	3.344198e+03	0.000000e+00	5.190000e+02	9.204988e+02	
1.880000e+02	3.488061e+03	3.488061e+03	0.000000e+00	5.330000e+02	9.260566e+02	
1.890000e+02	3.555551e+03	3.555551e+03	0.000000e+00	5.310000e+02	9.314626e+02	
1.900000e+02	3.631532e+03	3.631532e+03	0.000000e+00	5.470000e+02	9.363409e+02	
1.910000e+02	3.634645e+03	3.634645e+03	0.000000e+00	5.450000e+02	9.413033e+02	
1.920000e+02	2.959251e+03	2.959251e+03	0.000000e+00	4.480000e+02	9.462998e+02	
1.930000e+02	3.198990e+03	3.198990e+03	0.000000e+00	4.770000e+02	9.514985e+02	
1.940000e+02	3.140372e+03	3.140372e+03	0.000000e+00	4.750000e+02	9.568151e+02	
1.950000e+02	3.265483e+03	3.265483e+03	0.000000e+00	4.830000e+02	9.621720e+02	
1.960000e+02	3.314569e+03	3.314569e+03	0.000000e+00	4.980000e+02	9.675540e+02	
1.970000e+02	3.574881e+03	3.574881e+03	0.000000e+00	5.420000e+02	9.730521e+02	
1.980000e+02	3.373002e+03	3.373002e+03	0.000000e+00	5.070000e+02	9.785767e+02	
1.990000e+02	3.301133e+03	3.301133e+03	0.000000e+00	5.070000e+02	9.840892e+02	
2.000000e+02	3.429171e+03	3.429171e+03	0.000000e+00	5.220000e+02	9.896486e+02	
2.010000e+02	3.259066e+03	3.259066e+03	0.000000e+00	4.970000e+02	9.947550e+02	
2.020000e+02	3.136679e+03	3.136679e+03	0.000000e+00	4.850000e+02	9.997289e+02	
2.030000e+02	3.387688e+03	3.387688e+03	0.000000e+00	5.150000e+02	1.004823e+03	
2.040000e+02	3.284662e+03	3.284662e+03	0.000000e+00	4.960000e+02	1.009984e+03	
2.050000e+02	3.333222e+03	3.333222e+03	0.000000e+00	4.900000e+02	1.015352e+03	
2.060000e+02	3.456791e+03	3.456791e+03	0.000000e+00	5.220000e+02	1.020728e+03	
2.070000e+02	3.517055e+03	3.517055e+03	0.000000e+00	5.260000e+02	1.026113e+03	
2.080000e+02	3.165484e+03	3.165484e+03	0.000000e+00	4.750000e+02	1.031592e+03	
2.090000e+02	3.435139e+03	3.435139e+03	0.000000e+00	5.010000e+02	1.037153e+03	
2.100000e+02	3.338225e+03	3.338225e+03	0.000000e+00	4.980000e+02	1.042629e+03	
2.110000e+02	3.392408e+03	3.392408e+03	0.000000e+00	5.150000e+02	1.047787e+03	
2.120000e+02	3.518053e+03	3.518053e+03	0.000000e+00	5.250000e+02	1.052683e+03	
2.130000e+02	3.696601e+03	3.696601e+03	0.000000e+00	5.410000e+02	1.057666e+03	
2.140000e+02	3.396044e+03	3.396044e+03	0.000000e+00	5.180000e+02	1.062794e+03	
2.150000e+02	3.440761e+03	3.440761e+03	0.000000e+00	5.170000e+02	1.068157e+03	
2.160000e+02	3.384948e+03	3.384948e+03	0.000000e+00	4.940000e+02	1.073474e+03	
2.170000e+02	3.090236e+03	3.090236e+03	0.000000e+00	4.490000e+02	1.078965e+03	
2.180000e+02	3.255958e+03	3.255958e+03	0.000000e+00	4.770000e+02	1.084495e+03	
2.190000e+02	3.309605e+03	3.309605e+03	0.000000e+00	4.970000e+02	1.089841e+03	
2.200000e+02	3.682300e+03	3.682300e+03	0.000000e+00	5.550000e+02	1.095353e+03	
2.210000e+02	3.379279e+03	3.379279e+03	0.000000e+00	5.080000e+02	1.100771e+03	
2.220000e+02	3.401255e+03	3.401255e+03	0.000000e+00	4.990000e+02	1.105221e+03	
2.230000e+02	3.468860e+03	3.468860e+03	0.000000e+00	5.180000e+02	1.109614e+03	
2.240000e+02	3.433027e+03	3.433027e+03	0.000000e+00	5.220000e+02	1.115478e+03	
2.250000e+02	3.490428e+03	3.490428e+03	0.000000e+00	5.280000e+02	1.121251e+03	
2.260000e+02	3.566586e+03	3.566586e+03	0.000000e+00	5.460000e+02	1.126956e+03	
2.270000e+02	3.354047e+03	3.354047e+03	0.000000e+00	5.080000e+02	1.132720e+03	
2.280000e+02	3.244077e+03	3.244077e+03	0.000000e+00	4.770000e+02	1.138143e+03	
2.290000e+02	3.766427e+03	3.766427e+03	0.000000e+00	5.570000e+02	1.143412e+03	
2.300000e+02	3.342279e+03	3.342279e+03	0.000000e+00	5.030000e+02	1.148317e+03	
2.310000e+02	3.397481e+03	3.397481e+03	0.000000e+00	5.080000e+02	1.153352e+03	
2.320000e+02	3.163822e+03	3.163822e+03	0.000000e+00	4.840000e+02	1.158542e+03	
2.330000e+02	3.289044e+03	3.289044e+03	0.000000e+00	4.970000e+02	1.163884e+03	
2.340000e+02	3.466677e+03	3.466677e+03	0.000000e+00	5.240000e+02	1.169266e+03	
2.350000e+02	3.464849e+03	3.464849e+03	0.000000e+00	5.230000e+02	1.174714e+03	
2.360000e+02	3.612002e+03	3.612002e+03	0.000000e+00	5.400000e+02	1.180323e+03	
2.370000e+02	3.274468e+03	3.274468e+03	0.000000e+00	4.890000e+02	1.185775e+03	
2.380000e+02	3.501121e+03	3.501121e+03	0.000000e+00	5.270000e+02	1.191268e+03	
2.390000e+02	3.706081e+03	3.706081e+03	0.000000e+00	5.580000e+02	1.196809e+03	
2.400000e+02	3.708559e+03	3.708559e+03	0.000000e+00	5.590000e+02	1.202384e+03	
2.410000e+02	3.554715e+03	3.554715e+03	0.000000e+00	5.460000e+02	1.207951e+03	
2.420000e+02	3.082999e+03	3.082999e+03	0.000000e+00	4.690000e+02	1.213516e+03	
2.430000e+02	3.204695e+03	3.204695e+03	0.000000e+00	4.710000e+02	1.219153e+03	
2.440000e+02	3.122276e+03	3.122276e+03	0.000000e+00	4.650000e+02	1.224709e+03	
2.450000e+02	3.182297e+03	3.182297e+03	0.000000e+00	4.870000e+02	1.230360e+03	
2.460000e+02	3.493040e+03	3.493040e+03	0.000000e+00	5.360000e+02	1.235958e+03	
2.470000e+02	3.579069e+03	3.579069e+03	0.000000e+00	5.410000e+02	1.241403e+03	
2.480000e+02	3.457577e+03	3.457577e+03	0.000000e+00	5.310000e+02	1.247115e+03	
2.490000e+02	3.200339e+03	3.200339e+03	0.000000e+00	4.870000e+02	1.252868e+03	
2.500000e+02	3.318745e+03	3.318745e+03	0.000000e+00	5.030000e+02	1.258266e+03	
2.510000e+02	3.703540e+03	3.703540e+03	0.000000e+00	5.540000e+02	1.263139e+03	
2.520000e+02	3.443665e+03	3.443665e+03	0.000000e+00	5.210000e+02	1.268056e+03	
2.530000e+02	3.465136e+03	3.465136e+03	0.000000e+00	5.110000e+02	1.273054e+03	
2.540000e+02	3.237145e+03	3.237145e+03	0.000000e+00	4.850000e+02	1.278250e+03	
2.550000e+02	3.310300e+03	3.310300e+03	0.000000e+00	4.890000e+02	1.283572e+03	
2.560000e+02	3.323134e+03	3.323134e+03	0.000000e+00	4.890000e+02	1.289177e+03	
2.570000e+02	3.564508e+03	3.564508e+03	0.000000e+00	5.270000e+02	1.294518e+03	
2.580000e+02	3.399071e+03	3.399071e+03	0.000000e+00	5.150000e+02	1.300269e+03	
2.590000e+02	3.282990e+03	3.282990e+03	0.000000e+00	4.890000e+02	1.305843e+03	
2.600000e+02	3.275087e+03	3.275087e+03	0.000000e+00	5.030000e+02	1.311385e+03	
2.610000e+02	3.220181e+03	3.220181e+03	0.000000e+00	4.860000e+02	1.316910e+03	
2.620000e+02	3.342662e+03	3.342662e+03	0.000000e+00	5.070000e+02	1.322497e+03	
2.630000e+02	3.602786e+03	3.602786e+03	0.000000e+00	5.340000e+02	1.328020e+03	
2.640000e+02	3.395014e+03	3.395014e+03	0.000000e+00	5.270000e+02	1.333563e+03	
2.650000e+02	3.368104e+03	3.368104e+03	0.000000e+00	5.190000e+02	1.339194e+03	
2.660000e+02	3.508171e+03	3.508171e+03	0.000000e+00	5.220000e+02	1.344733e+03	
2.670000e+02	3.257106e+03	3.257106e+03	0.000000e+00	4.920000e+02	1.350315e+03	
2.680000e+02	3.402004e+03	3.402004e+03	0.000000e+00	4.990000e+02	1.355986e+03	
2.690000e+02	3.360672e+03	3.360672e+03	0.000000e+00	5.010000e+02	1.361519e+03	
2.700000e+02	2.976389e+03	2.976389e+03	0.000000e+00	4.320000e+02	1.367264e+03	
2.710000e+02	3.067350e+03	3.067350e+03	0.000000e+00	4.590000e+02	1.372991e+03	
2.720000e+02	3.063550e+03	3.063550e+03	0.000000e+00	4.440000e+02	1.378217e+03	
2.730000e+02	3.174306e+03	3.174306e+03	0.000000e+00	4.670000e+02	1.383100e+03	
2.740000e+02	3.314777e+03	3.314777e+03	0.000000e+00	4.960000e+02	1.388126e+03	
2.750000e+02	3.519854e+03	3.519854e+03	0.000000e+00	5.210000e+02	1.393376e+03	
2.760000e+02	3.346088e+03	3.346088e+03	0.000000e+00	5.060000e+02	1.398780e+03	
2.770000e+02	3.502665e+03	3.502665e+03	0.000000e+00	5.180000e+02	1.404157e+03	
2.780000e+02	3.626111e+03	3.626111e+03	0.000000e+00	5.350000e+02	1.409650e+03	
2.790000e+02	3.341734e+03	3.341734e+03	0.000000e+00	5.040000e+02	1.415161e+03	
2.800000e+02	3.593106e+03	3.593106e+03	0.000000e+00	5.350000e+02	1.420394e+03	
2.810000e+02	3.442859e+03	3.442859e+03	0.000000e+00	5.250000e+02	1.425310e+03	
2.820000e+02	3.330710e+03	3.330710e+03	0.000000e+00	5.070000e+02	1.430308e+03	
2.830000e+02	3.354969e+03	3.354969e+03	0.000000e+00	4.910000e+02	1.435513e+03	
2.840000e+02	3.646576e+03	3.646576e+03	0.000000e+00	5.460000e+02	1.440870e+03	
2.850000e+02	3.465329e+03	3.465329e+03	0.000000e+00	5.230000e+02	1.446255e+03	
2.860000e+02	3.461411e+03	3.461411e+03	0.000000e+00	5.230000e+02	1.451719e+03	
2.870000e+02	3.444942e+03	3.444942e+03	0.000000e+00	5.090000e+02	1.457228e+03	
2.880000e+02	3.224624e+03	3.224624e+03	0.000000e+00	4.840000e+02	1.462875e+03	
2.890000e+02	3.628836e+03	3.628836e+03	0.000000e+00	5.420000e+02	1.468154e+03	
2.900000e+02	3.663144e+03	3.663144e+03	0.000000e+00	5.550000e+02	1.473022e+03	
2.910000e+02	3.379465e+03	3.379465e+03	0.000000e+00	5.170000e+02	1.478123e+03	
2.920000e+02	3.447164e+03	3.447164e+03	0.000000e+00	5.310000e+02	1.483133e+03	
2.930000e+02	3.376090e+03	3.376090e+03	0.000000e+00	5.030000e+02	1.488308e+03	
2.940000e+02	3.448996e+03	3.448996e+03	0.000000e+00	5.130000e+02	1.493644e+03	
2.950000e+02	3.194725e+03	3.194725e+03	0.000000e+00	4.860000e+02	1.499072e+03	
2.960000e+02	3.409002e+03	3.409002e+03	0.000000e+00	5.030000e+02	1.504532e+03	
2.970000e+02	3.145422e+03	3.145422e+03	0.000000e+00	4.680000e+02	1.510108e+03	
2.980000e+02	3.034639e+03	3.034639e+03	0.000000e+00	4.430000e+02	1.515293e+03	
2.990000e+02	2.897723e+03	2.897723e+03	0.000000e+00	4.410000e+02	1.520199e+03	
3.000000e+02	3.310677e+03	3.310677e+03	0.000000e+00	5.020000e+02	1.525172e+03	
3.010000e+02	3.359639e+03	3.359639e+03	0.000000e+00	5.030000e+02	1.530337e+03	
3.020000e+02	3.385933e+03	3.385933e+03	0.000000e+00	5.130000e+02	1.535678e+03	
3.030000e+02	3.369588e+03	3.369588e+03	0.000000e+00	5.010000e+02	1.541113e+03	
3.040000e+02	3.264598e+03	3.264598e+03	0.000000e+00	4.970000e+02	1.546528e+03	
3.050000e+02	3.689260e+03	3.689260e+03	0.000000e+00	5.520000e+02	1.551917e+03	
3.060000e+02	3.388274e+03	3.388274e+03	0.000000e+00	5.060000e+02	1.557652e+03	
3.070000e+02	3.509958e+03	3.509958e+03	0.000000e+00	5.140000e+02	1.562810e+03	
3.080000e+02	3.678949e+03	3.678949e+03	0.000000e+00	5.630000e+02	1.567743e+03	
3.090000e+02	3.560798e+03	3.560798e+03	0.000000e+00	5.520000e+02	1.572761e+03	
3.100000e+02	3.416066e+03	3.416066e+03	0.000000e+00	5.130000e+02	1.577922e+03	
3.110000e+02	3.699311e+03	3.699311e+03	0.000000e+00	5.420000e+02	1.583279e+03	
3.120000e+02	3.568777e+03	3.568777e+03	0.000000e+00	5.510000e+02	1.588631e+03	
3.130000e+02	3.555069e+03	3.555069e+03	0.000000e+00	5.530000e+02	1.594170e+03	
3.140000e+02	3.619228e+03	3.619228e+03	0.000000e+00	5.420000e+02	1.599653e+03	
3.150000e+02	3.605736e+03	3.605736e+03	0.000000e+00	5.410000e+02	1.605291e+03	
3.160000e+02	3.538470e+03	3.538470e+03	0.000000e+00	5.390000e+02	1.610413e+03	
3.170000e+02	3.749244e+03	3.749244e+03	0.000000e+00	5.620000e+02	1.615333e+03	
3.180000e+02	3.701062e+03	3.701062e+03	0.000000e+00	5.490000e+02	1.620341e+03	
3.190000e+02	3.608468e+03	3.608468e+03	0.000000e+00	5.440000e+02	1.625558e+03	
3.200000e+02	3.405011e+03	3.405011e+03	0.000000e+00	5.180000e+02	1.630907e+03	
3.210000e+02	3.275045e+03	3.275045e+03	0.000000e+00	4.920000e+02	1.636249e+03	
3.220000e+02	3.376595e+03	3.376595e+03	0.000000e+00	5.080000e+02	1.641712e+03	
3.230000e+02	3.505171e+03	3.505171e+03	0.000000e+00	5.160000e+02	1.647156e+03	
3.240000e+02	3.306106e+03	3.306106e+03	0.000000e+00	5.030000e+02	1.652753e+03	
3.250000e+02	3.554100e+03	3.554100e+03	0.000000e+00	5.330000e+02	1.658073e+03	
3.260000e+02	3.461631e+03	3.461631e+03	0.000000e+00	5.280000e+02	1.662946e+03	
3.270000e+02	3.477453e+03	3.477453e+03	0.000000e+00	5.290000e+02	1.667910e+03	
3.280000e+02	3.501842e+03	3.501842e+03	0.000000e+00	5.230000e+02	1.672902e+03	
3.290000e+02	3.269554e+03	3.269554e+03	0.000000e+00	4.930000e+02	1.678052e+03	
3.300000e+02	3.381875e+03	3.381875e+03	0.000000e+00	5.100000e+02	1.683399e+03	
3.310000e+02	3.128793e+03	3.128793e+03	0.000000e+00	4.700000e+02	1.688854e+03	
3.320000e+02	3.346244e+03	3.346244e+03	0.000000e+00	5.000000e+02	1.694299e+03	
3.330000e+02	3.175750e+03	3.175750e+03	0.000000e+00	4.840000e+02	1.699813e+03	
3.340000e+02	3.433125e+03	3.433125e+03	0.000000e+00	5.190000e+02	1.705012e+03	
3.350000e+02	3.071244e+03	3.071244e+03	0.000000e+00	4.670000e+02	1.709932e+03	
3.360000e+02	3.536767e+03	3.536767e+03	0.000000e+00	5.450000e+02	1.715148e+03	
3.370000e+02	3.419078e+03	3.419078e+03	0.000000e+00	5.240000e+02	1.720405e+03	
3.380000e+02	3.320939e+03	3.320939e+03	0.000000e+00	5.020000e+02	1.725807e+03	
3.390000e+02	3.392470e+03	3.392470e+03	0.000000e+00	5.180000e+02	1.731169e+03	
3.400000e+02	3.613820e+03	3.613820e+03	0.000000e+00	5.410000e+02	1.736731e+03	
3.410000e+02	3.589339e+03	3.589339e+03	0.000000e+00	5.410000e+02	1.742028e+03	
3.420000e+02	3.187860e+03	3.187860e+03	0.000000e+00	4.820000e+02	1.747727e+03	
3.430000e+02	3.266692e+03	3.266692e+03	0.000000e+00	4.810000e+02	1.752859e+03	
3.440000e+02	3.447718e+03	3.447718e+03	0.000000e+00	5.180000e+02	1.757945e+03	
3.450000e+02	3.608263e+03	3.608263e+03	0.000000e+00	5.370000e+02	1.762981e+03	
3.460000e+02	3.185432e+03	3.185432e+03	0.000000e+00	4.780000e+02	1.768184e+03	
3.470000e+02	3.375497e+03	3.375497e+03	0.000000e+00	4.980000e+02	1.773539e+03	
3.480000e+02	3.086203e+03	3.086203e+03	0.000000e+00	4.740000e+02	1.778616e+03	
3.490000e+02	3.407989e+03	3.407989e+03	0.000000e+00	5.150000e+02	1.783580e+03	
3.500000e+02	3.324872e+03	3.324872e+03	0.000000e+00	5.010000e+02	1.788533e+03	
3.510000e+02	3.507124e+03	3.507124e+03	0.000000e+00	5.370000e+02	1.793817e+03	
3.520000e+02	3.484121e+03	3.484121e+03	0.000000e+00	5.300000e+02	1.798780e+03	
3.530000e+02	3.199210e+03	3.199210e+03	0.000000e+00	4.800000e+02	1.803688e+03	
3.540000e+02	3.217393e+03	3.217393e+03	0.000000e+00	4.830000e+02	1.808705e+03	
3.550000e+02	3.407708e+03	3.407708e+03	0.000000e+00	5.010000e+02	1.813974e+03	
3.560000e+02	3.282660e+03	3.282660e+03	0.000000e+00	4.980000e+02	1.819381e+03	
3.570000e+02	3.442180e+03	3.442180e+03	0.000000e+00	5.110000e+02	1.824788e+03	
3.580000e+02	3.285990e+03	3.285990e+03	0.000000e+00	4.790000e+02	1.830153e+03	
3.590000e+02	3.280762e+03	3.280762e+03	0.000000e+00	4.960000e+02	1.835770e+03	
3.600000e+02	3.476352e+03	3.476352e+03	0.000000e+00	5.090000e+02	1.841153e+03	
3.610000e+02	3.335726e+03	3.335726e+03	0.000000e+00	4.940000e+02	1.846704e+03	
3.620000e+02	3.392286e+03	3.392286e+03	0.000000e+00	5.150000e+02	1.851636e+03	
3.630000e+02	3.532816e+03	3.532816e+03	0.000000e+00	5.480000e+02	1.856592e+03	
3.640000e+02	3.299369e+03	3.299369e+03	0.000000e+00	5.020000e+02	1.861583e+03	
3.650000e+02	3.266785e+03	3.266785e+03	0.000000e+00	4.840000e+02	1.866702e+03	
3.660000e+02	3.199313e+03	3.199313e+03	0.000000e+00	4.740000e+02	1.872017e+03	
3.670000e+02	3.160583e+03	3.160583e+03	0.000000e+00	4.790000e+02	1.877396e+03	
3.680000e+02	3.632471e+03	3.632471e+03	0.000000e+00	5.440000e+02	1.882898e+03	
3.690000e+02	3.549740e+03	3.549740e+03	0.000000e+00	5.500000e+02	1.888425e+03	
3.700000e+02	3.576755e+03	3.576755e+03	0.000000e+00	5.440000e+02	1.893551e+03	
3.710000e+02	3.447889e+03	3.447889e+03	0.000000e+00	5.260000e+02	1.898670e+03	
3.720000e+02	3.331669e+03	3.331669e+03	0.000000e+00	4.980000e+02	1.903757e+03	
3.730000e+02	3.248645e+03	3.248645e+03	0.000000e+00	4.870000e+02	1.908929e+03	
3.740000e+02	3.157515e+03	3.157515e+03	0.000000e+00	4.720000e+02	1.914254e+03	
3.750000e+02	3.363402e+03	3.363402e+03	0.000000e+00	5.110000e+02	1.919650e+03	
3.760000e+02	3.497747e+03	3.497747e+03	0.000000e+00	5.180000e+02	1.925089e+03	
3.770000e+02	3.440238e+03	3.440238e+03	0.000000e+00	5.080000e+02	1.930641e+03	
3.780000e+02	3.567891e+03	3.567891e+03	0.000000e+00	5.310000e+02	1.936119e+03	
3.790000e+02	3.581249e+03	3.581249e+03	0.000000e+00	5.360000e+02	1.941649e+03	
3.800000e+02	3.253941e+03	3.253941e+03	0.000000e+00	4.750000e+02	1.946843e+03	
3.810000e+02	3.507193e+03	3.507193e+03	0.000000e+00	5.170000e+02	1.951762e+03	
3.820000e+02	3.494470e+03	3.494470e+03	0.000000e+00	5.360000e+02	1.956876e+03	
3.830000e+02	3.287547e+03	3.287547e+03	0.000000e+00	4.860000e+02	1.962057e+03	
3.840000e+02	3.135513e+03	3.135513e+03	0.000000e+00	4.920000e+02	1.967396e+03	
3.850000e+02	3.499303e+03	3.499303e+03	0.000000e+00	5.350000e+02	1.972706e+03	
3.860000e+02	3.175779e+03	3.175779e+03	0.000000e+00	4.730000e+02	1.978226e+03	
3.870000e+02	3.268670e+03	3.268670e+03	0.000000e+00	4.980000e+02	1.983762e+03	
3.880000e+02	3.530655e+03	3.530655e+03	0.000000e+00	5.380000e+02	1.989333e+03	
3.890000e+02	3.323845e+03	3.323845e+03	0.000000e+00	5.080000e+02	1.994780e+03	
3.900000e+02	3.387904e+03	3.387904e+03	0.000000e+00	5.170000e+02	2.000193e+03	
3.910000e+02	3.370616e+03	3.370616e+03	0.000000e+00	5.020000e+02	2.005072e+03	
3.920000e+02	3.241221e+03	3.241221e+03	0.000000e+00	4.700000e+02	2.010067e+03	
3.930000e+02	3.323286e+03	3.323286e+03	0.000000e+00	5.080000e+02	2.015229e+03	
3.940000e+02	3.334295e+03	3.334295e+03	0.000000e+00	4.890000e+02	2.020544e+03	
3.950000e+02	3.512222e+03	3.512222e+03	0.000000e+00	5.130000e+02	2.025901e+03	
3.960000e+02	3.378058e+03	3.378058e+03	0.000000e+00	5.040000e+02	2.031350e+03	
3.970000e+02	3.046197e+03	3.046197e+03	0.000000e+00	4.470000e+02	2.036838e+03	
3.980000e+02	3.046144e+03	3.046144e+03	0.000000e+00	4.480000e+02	2.042285e+03	
3.990000e+02	3.476766e+03	3.476766e+03	0.000000e+00	5.200000e+02	2.048015e+03	
4.000000e+02	3.445520e+03	3.445520e+03	0.000000e+00	5.220000e+02	2.053514e+03	
4.010000e+02	3.295392e+03	3.295392e+03	0.000000e+00	5.010000e+02	2.059079e+03	
4.020000e+02	3.519501e+03	3.519501e+03	0.000000e+00	5.350000e+02	2.064691e+03	
4.030000e+02	3.314886e+03	3.314886e+03	0.000000e+00	5.010000e+02	2.070179e+03	
4.040000e+02	3.596653e+03	3.596653e+03	0.000000e+00	5.230000e+02	2.075667e+03	
4.050000e+02	3.572100e+03	3.572100e+03	0.000000e+00	5.310000e+02	2.081320e+03	
4.060000e+02	3.236347e+03	3.236347e+03	0.000000e+00	4.890000e+02	2.086579e+03	
4.070000e+02	3.338848e+03	3.338848e+03	0.000000e+00	5.020000e+02	2.092008e+03	
4.080000e+02	3.585159e+03	3.585159e+03	0.000000e+00	5.510000e+02	2.097048e+03	
4.090000e+02	3.472634e+03	3.472634e+03	0.000000e+00	5.130000e+02	2.101463e+03	
4.100000e+02	3.151121e+03	3.151121e+03	0.000000e+00	4.680000e+02	2.107264e+03	
4.110000e+02	3.234298e+03	3.234298e+03	0.000000e+00	4.940000e+02	2.113047e+03	
4.120000e+02	3.209540e+03	3.209540e+03	0.000000e+00	4.820000e+02	2.117458e+03	
4.130000e+02	3.487117e+03	3.487117e+03	0.000000e+00	5.240000e+02	2.121863e+03	
4.140000e+02	3.407894e+03	3.407894e+03	0.000000e+00	5.150000e+02	2.127588e+03	
4.150000e+02	3.305510e+03	3.305510e+03	0.000000e+00	5.050000e+02	2.133324e+03	
4.160000e+02	3.162067e+03	3.162067e+03	0.000000e+00	4.930000e+02	2.138945e+03	
4.170000e+02	3.404212e+03	3.404212e+03	0.000000e+00	5.120000e+02	2.144159e+03	
4.180000e+02	3.539228e+03	3.539228e+03	0.000000e+00	5.260000e+02	2.149552e+03	
4.190000e+02	3.530837e+03	3.530837e+03	0.000000e+00	5.280000e+02	2.154717e+03	
4.200000e+02	3.279806e+03	3.279806e+03	0.000000e+00	4.970000e+02	2.160446e+03	
4.210000e+02	3.379191e+03	3.379191e+03	0.000000e+00	5.000000e+02	2.165935e+03	
4.220000e+02	3.336706e+03	3.336706e+03	0.000000e+00	4.990000e+02	2.171495e+03	
4.230000e+02	3.300925e+03	3.300925e+03	0.000000e+00	4.970000e+02	2.177186e+03	
4.240000e+02	3.346425e+03	3.346425e+03	0.000000e+00	5.020000e+02	2.182741e+03	
4.250000e+02	3.622730e+03	3.622730e+03	0.000000e+00	5.390000e+02	2.188260e+03	
4.260000e+02	3.401106e+03	3.401106e+03	0.000000e+00	5.150000e+02	2.193812e+03	
4.270000e+02	3.580564e+03	3.580564e+03	0.000000e+00	5.230000e+02	2.198717e+03	
4.280000e+02	3.475986e+03	3.475986e+03	0.000000e+00	5.120000e+02	2.203797e+03	
4.290000e+02	3.410903e+03	3.410903e+03	0.000000e+00	5.060000e+02	2.208802e+03	
4.300000e+02	3.123141e+03	3.123141e+03	0.000000e+00	4.710000e+02	2.213996e+03	
4.310000e+02	3.143350e+03	3.143350e+03	0.000000e+00	4.740000e+02	2.219361e+03	
4.320000e+02	3.113137e+03	3.113137e+03	0.000000e+00	4.630000e+02	2.224719e+03	
4.330000e+02	3.053125e+03	3.053125e+03	0.000000e+00	4.610000e+02	2.230228e+03	
4.340000e+02	3.449842e+03	3.449842e+03	0.000000e+00	5.220000e+02	2.235753e+03	
4.350000e+02	3.356536e+03	3.356536e+03	0.000000e+00	5.020000e+02	2.241243e+03	
4.360000e+02	3.358885e+03	3.358885e+03	0.000000e+00	4.960000e+02	2.246809e+03	
4.370000e+02	3.340925e+03	3.340925e+03	0.000000e+00	4.940000e+02	2.252352e+03	
4.380000e+02	3.637762e+03	3.637762e+03	0.000000e+00	5.400000e+02	2.257524e+03	
4.390000e+02	3.232632e+03	3.232632e+03	0.000000e+00	4.970000e+02	2.262468e+03	
4.400000e+02	3.346287e+03	3.346287e+03	0.000000e+00	4.910000e+02	2.267507e+03	
4.410000e+02	3.347301e+03	3.347301e+03	0.000000e+00	4.920000e+02	2.272642e+03	
4.420000e+02	3.314830e+03	3.314830e+03	0.000000e+00	5.030000e+02	2.277972e+03	
4.430000e+02	3.178955e+03	3.178955e+03	0.000000e+00	4.730000e+02	2.283336e+03	
4.440000e+02	3.432782e+03	3.432782e+03	0.000000e+00	5.060000e+02	2.288775e+03	
4.450000e+02	3.604618e+03	3.604618e+03	0.000000e+00	5.490000e+02	2.294395e+03	
4.460000e+02	3.520695e+03	3.520695e+03	0.000000e+00	5.180000e+02	2.299595e+03	
4.470000e+02	3.434883e+03	3.434883e+03	0.000000e+00	5.220000e+02	2.304630e+03	
4.480000e+02	3.507919e+03	3.507919e+03	0.000000e+00	5.320000e+02	2.309530e+03	
4.490000e+02	3.145041e+03	3.145041e+03	0.000000e+00	4.770000e+02	2.314618e+03	
4.500000e+02	3.240085e+03	3.240085e+03	0.000000e+00	4.900000e+02	2.319962e+03	
4.510000e+02	3.510063e+03	3.510063e+03	0.000000e+00	5.240000e+02	2.325292e+03	
4.520000e+02	3.486855e+03	3.486855e+03	0.000000e+00	5.370000e+02	2.330634e+03	
4.530000e+02	3.367407e+03	3.367407e+03	0.000000e+00	5.270000e+02	2.336152e+03	
4.540000e+02	3.301507e+03	3.301507e+03	0.000000e+00	4.980000e+02	2.341427e+03	
4.550000e+02	3.285236e+03	3.285236e+03	0.000000e+00	4.980000e+02	2.347145e+03	
4.560000e+02	3.561506e+03	3.561506e+03	0.000000e+00	5.330000e+02	2.352594e+03	
4.570000e+02	3.891749e+03	3.891749e+03	0.000000e+00	5.820000e+02	2.357979e+03	
4.580000e+02	3.655151e+03	3.655151e+03	0.000000e+00	5.440000e+02	2.363019e+03	
4.590000e+02	3.691866e+03	3.691866e+03	0.000000e+00	5.610000e+02	2.367431e+03	
4.600000e+02	3.383880e+03	3.383880e+03	0.000000e+00	5.140000e+02	2.371862e+03	
4.610000e+02	3.403911e+03	3.403911e+03	0.000000e+00	5.160000e+02	2.377682e+03	
4.620000e+02	3.348265e+03	3.348265e+03	0.000000e+00	5.000000e+02	2.383391e+03	
4.630000e+02	3.323911e+03	3.323911e+03	0.000000e+00	4.930000e+02	2.389014e+03	
4.640000e+02	3.294371e+03	3.294371e+03	0.000000e+00	4.850000e+02	2.394352e+03	
4.650000e+02	3.551011e+03	3.551011e+03	0.000000e+00	5.350000e+02	2.400023e+03	
4.660000e+02	3.400223e+03	3.400223e+03	0.000000e+00	5.120000e+02	2.405503e+03	
4.670000e+02	3.354478e+03	3.354478e+03	0.000000e+00	5.090000e+02	2.411056e+03	
4.680000e+02	3.416194e+03	3.416194e+03	0.000000e+00	5.140000e+02	2.416561e+03	
4.690000e+02	3.488364e+03	3.488364e+03	0.000000e+00	5.270000e+02	2.422154e+03	
4.700000e+02	3.508740e+03	3.508740e+03	0.000000e+00	5.280000e+02	2.427663e+03	
4.710000e+02	3.783130e+03	3.783130e+03	0.000000e+00	5.660000e+02	2.433264e+03	
4.720000e+02	3.832126e+03	3.832126e+03	0.000000e+00	5.790000e+02	2.438981e+03	
4.730000e+02	3.359220e+03	3.359220e+03	0.000000e+00	5.130000e+02	2.444694e+03	
4.740000e+02	3.362237e+03	3.362237e+03	0.000000e+00	5.270000e+02	2.450225e+03	
4.750000e+02	3.495534e+03	3.495534e+03	0.000000e+00	5.330000e+02	2.455842e+03	
4.760000e+02	3.335664e+03	3.335664e+03	0.000000e+00	4.940000e+02	2.461424e+03	
4.770000e+02	3.417046e+03	3.417046e+03	0.000000e+00	5.030000e+02	2.467088e+03	
4.780000e+02	3.537373e+03	3.537373e+03	0.000000e+00	5.290000e+02	2.472563e+03	
4.790000e+02	3.587912e+03	3.587912e+03	0.000000e+00	5.450000e+02	2.478058e+03	
4.800000e+02	3.503731e+03	3.503731e+03	0.000000e+00	5.270000e+02	2.482944e+03	
4.810000e+02	3.440030e+03	3.440030e+03	0.000000e+00	5.220000e+02	2.487917e+03	
4.820000e+02	3.209507e+03	3.209507e+03	0.000000e+00	4.900000e+02	2.492911e+03	
4.830000e+02	3.391313e+03	3.391313e+03	0.000000e+00	5.150000e+02	2.498031e+03	
4.840000e+02	3.413971e+03	3.413971e+03	0.000000e+00	5.170000e+02	2.503386e+03	
4.850000e+02	3.479487e+03	3.479487e+03	0.000000e+00	5.200000e+02	2.508721e+03	
4.860000e+02	3.554017e+03	3.554017e+03	0.000000e+00	5.310000e+02	2.514180e+03	
4.870000e+02	3.657152e+03	3.657152e+03	0.000000e+00	5.450000e+02	2.519643e+03	
4.880000e+02	3.280204e+03	3.280204e+03	0.000000e+00	4.990000e+02	2.525161e+03	
4.890000e+02	3.519064e+03	3.519064e+03	0.000000e+00	5.320000e+02	2.530401e+03	
4.900000e+02	3.567373e+03	3.567373e+03	0.000000e+00	5.580000e+02	2.535340e+03	
4.910000e+02	3.667868e+03	3.667868e+03	0.000000e+00	5.720000e+02	2.540323e+03	
4.920000e+02	3.347906e+03	3.347906e+03	0.000000e+00	5.020000e+02	2.545471e+03	
4.930000e+02	3.557922e+03	3.557922e+03	0.000000e+00	5.400000e+02	2.550801e+03	
4.940000e+02	3.288480e+03	3.288480e+03	0.000000e+00	5.030000e+02	2.556204e+03	
4.950000e+02	3.569625e+03	3.569625e+03	0.000000e+00	5.380000e+02	2.561606e+03	
4.960000e+02	3.631558e+03	3.631558e+03	0.000000e+00	5.580000e+02	2.567281e+03	
4.970000e+02	3.909260e+03	3.909260e+03	0.000000e+00	5.820000e+02	2.572821e+03	
4.980000e+02	3.509542e+03	3.509542e+03	0.000000e+00	5.480000e+02	2.578319e+03	
4.990000e+02	3.718490e+03	3.718490e+03	0.000000e+00	5.640000e+02	2.583886e+03	
