0.000000e+00	6.548462e+02	6.548462e+02	0.000000e+00	9.000000e+01	1.112963e-01	
1.000000e+00	3.046574e+03	3.046574e+03	0.000000e+00	4.380000e+02	6.446160e+00	
2.000000e+00	3.691900e+03	3.691900e+03	0.000000e+00	5.500000e+02	1.271002e+01	
3.000000e+00	3.551911e+03	3.551911e+03	0.000000e+00	5.350000e+02	1.899724e+01	
4.000000e+00	3.726416e+03	3.726416e+03	0.000000e+00	5.340000e+02	2.529235e+01	
5.000000e+00	3.603100e+03	3.603100e+03	0.000000e+00	5.300000e+02	3.159744e+01	
6.000000e+00	3.668067e+03	3.668067e+03	0.000000e+00	5.260000e+02	3.787530e+01	
7.000000e+00	3.755328e+03	3.755328e+03	0.000000e+00	5.520000e+02	4.415658e+01	
8.000000e+00	4.005096e+03	4.005096e+03	0.000000e+00	5.880000e+02	5.053962e+01	
9.000000e+00	3.686244e+03	3.686244e+03	0.000000e+00	5.350000e+02	5.681791e+01	
1.000000e+01	4.073918e+03	4.073918e+03	0.000000e+00	6.010000e+02	6.315675e+01	
1.100000e+01	4.159219e+03	4.159219e+03	0.000000e+00	6.290000e+02	6.950596e+01	
1.200000e+01	3.877491e+03	3.877491e+03	0.000000e+00	5.900000e+02	7.584517e+01	
1.300000e+01	3.688380e+03	3.688380e+03	0.000000e+00	5.490000e+02	8.220855e+01	
1.400000e+01	3.921852e+03	3.921852e+03	0.000000e+00	6.010000e+02	8.893502e+01	
1.500000e+01	3.889830e+03	3.889830e+03	0.000000e+00	5.930000e+02	9.532122e+01	
1.600000e+01	3.817604e+03	3.817604e+03	0.000000e+00	5.710000e+02	1.016779e+02	
1.700000e+01	3.681466e+03	3.681466e+03	0.000000e+00	5.440000e+02	1.080979e+02	
1.800000e+01	4.055657e+03	4.055657e+03	0.000000e+00	5.930000e+02	1.145776e+02	
1.900000e+01	3.921201e+03	3.921201e+03	0.000000e+00	5.890000e+02	1.209485e+02	
2.000000e+01	4.223049e+03	4.223049e+03	0.000000e+00	6.260000e+02	1.273109e+02	
2.100000e+01	4.252450e+03	4.252450e+03	0.000000e+00	6.300000e+02	1.337138e+02	
2.200000e+01	3.989273e+03	3.989273e+03	0.000000e+00	5.850000e+02	1.401350e+02	
2.300000e+01	3.905898e+03	3.905898e+03	0.000000e+00	5.780000e+02	1.465427e+02	
2.400000e+01	3.762459e+03	3.762459e+03	0.000000e+00	5.590000e+02	1.530079e+02	
2.500000e+01	3.832216e+03	3.832216e+03	0.000000e+00	5.840000e+02	1.594642e+02	
2.600000e+01	4.260212e+03	4.260212e+03	0.000000e+00	6.400000e+02	1.659135e+02	
2.700000e+01	4.105126e+03	4.105126e+03	0.000000e+00	6.060000e+02	1.724418e+02	
2.800000e+01	4.139011e+03	4.139011e+03	0.000000e+00	6.010000e+02	1.788038e+02	
2.900000e+01	3.969102e+03	3.969102e+03	0.000000e+00	6.030000e+02	1.852717e+02	
3.000000e+01	3.703957e+03	3.703957e+03	0.000000e+00	5.650000e+02	1.916649e+02	
3.100000e+01	3.910348e+03	3.910348e+03	0.000000e+00	5.810000e+02	1.981156e+02	
3.200000e+01	3.700571e+03	3.700571e+03	0.000000e+00	5.540000e+02	2.046085e+02	
3.300000e+01	4.005564e+03	4.005564e+03	0.000000e+00	5.790000e+02	2.113277e+02	
3.400000e+01	4.216624e+03	4.216624e+03	0.000000e+00	6.220000e+02	2.178810e+02	
3.500000e+01	4.148074e+03	4.148074e+03	0.000000e+00	6.090000e+02	2.244115e+02	
3.600000e+01	4.022258e+03	4.022258e+03	0.000000e+00	5.980000e+02	2.309396e+02	
3.700000e+01	3.752307e+03	3.752307e+03	0.000000e+00	5.530000e+02	2.375048e+02	
3.800000e+01	3.850583e+03	3.850583e+03	0.000000e+00	5.710000e+02	2.441625e+02	
3.900000e+01	3.942929e+03	3.942929e+03	0.000000e+00	5.910000e+02	2.507370e+02	
4.000000e+01	4.135968e+03	4.135968e+03	0.000000e+00	6.160000e+02	2.573010e+02	
4.100000e+01	3.945666e+03	3.945666e+03	0.000000e+00	5.950000e+02	2.638886e+02	
4.200000e+01	4.313404e+03	4.313404e+03	0.000000e+00	6.330000e+02	2.705478e+02	
4.300000e+01	4.315073e+03	4.315073e+03	0.000000e+00	6.340000e+02	2.771636e+02	
4.400000e+01	4.252687e+03	4.252687e+03	0.000000e+00	6.260000e+02	2.837839e+02	
4.500000e+01	4.097436e+03	4.097436e+03	0.000000e+00	6.100000e+02	2.903948e+02	
4.600000e+01	4.262492e+03	4.262492e+03	0.000000e+00	6.520000e+02	2.970245e+02	
4.700000e+01	4.017421e+03	4.017421e+03	0.000000e+00	6.070000e+02	3.036503e+02	
4.800000e+01	4.058535e+03	4.058535e+03	0.000000e+00	6.070000e+02	3.102949e+02	
4.900000e+01	4.215506e+03	4.215506e+03	0.000000e+00	6.240000e+02	3.169243e+02	
5.000000e+01	3.984415e+03	3.984415e+03	0.000000e+00	6.060000e+02	3.237726e+02	
5.100000e+01	4.092096e+03	4.092096e+03	0.000000e+00	6.080000e+02	3.304571e+02	
5.200000e+01	4.094348e+03	4.094348e+03	0.000000e+00	6.080000e+02	3.369499e+02	
5.300000e+01	3.986458e+03	3.986458e+03	0.000000e+00	5.930000e+02	3.434472e+02	
5.400000e+01	4.035955e+03	4.035955e+03	0.000000e+00	6.020000e+02	3.502339e+02	
5.500000e+01	3.847760e+03	3.847760e+03	0.000000e+00	5.780000e+02	3.568766e+02	
5.600000e+01	3.985036e+03	3.985036e+03	0.000000e+00	5.920000e+02	3.635314e+02	
5.700000e+01	3.935991e+03	3.935991e+03	0.000000e+00	5.770000e+02	3.702342e+02	
5.800000e+01	3.924625e+03	3.924625e+03	0.000000e+00	5.820000e+02	3.769458e+02	
5.900000e+01	4.379976e+03	4.379976e+03	0.000000e+00	6.610000e+02	3.836558e+02	
6.000000e+01	4.256377e+03	4.256377e+03	0.000000e+00	6.380000e+02	3.906361e+02	
6.100000e+01	4.102599e+03	4.102599e+03	0.000000e+00	6.140000e+02	3.970778e+02	
6.200000e+01	4.018805e+03	4.018805e+03	0.000000e+00	6.040000e+02	4.035733e+02	
6.300000e+01	4.049341e+03	4.049341e+03	0.000000e+00	6.070000e+02	4.101414e+02	
6.400000e+01	4.227400e+03	4.227400e+03	0.000000e+00	6.330000e+02	4.167683e+02	
6.500000e+01	4.051254e+03	4.051254e+03	0.000000e+00	6.090000e+02	4.234995e+02	
6.600000e+01	4.058526e+03	4.058526e+03	0.000000e+00	6.020000e+02	4.303052e+02	
6.700000e+01	3.978623e+03	3.978623e+03	0.000000e+00	6.000000e+02	4.371021e+02	
6.800000e+01	4.059963e+03	4.059963e+03	0.000000e+00	6.090000e+02	4.440291e+02	
6.900000e+01	3.779186e+03	3.779186e+03	0.000000e+00	5.630000e+02	4.507486e+02	
7.000000e+01	4.003448e+03	4.003448e+03	0.000000e+00	5.910000e+02	4.572775e+02	
7.100000e+01	4.095294e+03	4.095294e+03	0.000000e+00	6.180000e+02	4.639014e+02	
7.200000e+01	3.981949e+03	3.981949e+03	0.000000e+00	6.040000e+02	4.706694e+02	
7.300000e+01	3.818192e+03	3.818192e+03	0.000000e+00	5.780000e+02	4.774927e+02	
7.400000e+01	4.142230e+03	4.142230e+03	0.000000e+00	6.180000e+02	4.842891e+02	
7.500000e+01	4.026550e+03	4.026550e+03	0.000000e+00	5.950000e+02	4.911582e+02	
7.600000e+01	4.164391e+03	4.164391e+03	0.000000e+00	6.110000e+02	4.980303e+02	
7.700000e+01	4.034041e+03	4.034041e+03	0.000000e+00	5.890000e+02	5.048923e+02	
7.800000e+01	3.975508e+03	3.975508e+03	0.000000e+00	6.010000e+02	5.117921e+02	
7.900000e+01	3.748163e+03	3.748163e+03	0.000000e+00	5.640000e+02	5.189785e+02	
8.000000e+01	3.934229e+03	3.934229e+03	0.000000e+00	6.000000e+02	5.255202e+02	
8.100000e+01	3.788668e+03	3.788668e+03	0.000000e+00	5.750000e+02	5.321046e+02	
8.200000e+01	3.961347e+03	3.961347e+03	0.000000e+00	5.880000e+02	5.387655e+02	
8.300000e+01	4.090337e+03	4.090337e+03	0.000000e+00	6.130000e+02	5.456106e+02	
8.400000e+01	3.883432e+03	3.883432e+03	0.000000e+00	5.960000e+02	5.524386e+02	
8.500000e+01	3.777829e+03	3.777829e+03	0.000000e+00	5.810000e+02	5.593785e+02	
8.600000e+01	4.092057e+03	4.092057e+03	0.000000e+00	6.250000e+02	5.664642e+02	
8.700000e+01	4.134649e+03	4.134649e+03	0.000000e+00	6.260000e+02	5.734502e+02	
8.800000e+01	4.089768e+03	4.089768e+03	0.000000e+00	6.290000e+02	5.803889e+02	
8.900000e+01	4.033322e+03	4.033322e+03	0.000000e+00	6.120000e+02	5.873747e+02	
9.000000e+01	3.897072e+03	3.897072e+03	0.000000e+00	5.800000e+02	5.943173e+02	
9.100000e+01	4.045120e+03	4.045120e+03	0.000000e+00	5.940000e+02	6.013565e+02	
9.200000e+01	3.834518e+03	3.834518e+03	0.000000e+00	5.780000e+02	6.083463e+02	
9.300000e+01	4.055120e+03	4.055120e+03	0.000000e+00	6.000000e+02	6.153363e+02	
9.400000e+01	3.559585e+03	3.559585e+03	0.000000e+00	5.460000e+02	6.227252e+02	
9.500000e+01	3.899868e+03	3.899868e+03	0.000000e+00	5.790000e+02	6.303748e+02	
9.600000e+01	4.061531e+03	4.061531e+03	0.000000e+00	6.010000e+02	6.372747e+02	
9.700000e+01	3.962826e+03	3.962826e+03	0.000000e+00	5.900000e+02	6.442888e+02	
9.800000e+01	3.935018e+03	3.935018e+03	0.000000e+00	5.920000e+02	6.511559e+02	
9.900000e+01	4.284590e+03	4.284590e+03	0.000000e+00	6.430000e+02	6.580885e+02	
1.000000e+02	4.317956e+03	4.317956e+03	0.000000e+00	6.360000e+02	6.650857e+02	
1.010000e+02	4.282074e+03	4.282074e+03	0.000000e+00	6.330000e+02	6.720752e+02	
1.020000e+02	4.182495e+03	4.182495e+03	0.000000e+00	6.230000e+02	6.791032e+02	
1.030000e+02	4.206422e+03	4.206422e+03	0.000000e+00	6.370000e+02	6.863222e+02	
1.040000e+02	4.241596e+03	4.241596e+03	0.000000e+00	6.300000e+02	6.936455e+02	
1.050000e+02	4.078016e+03	4.078016e+03	0.000000e+00	6.280000e+02	7.002132e+02	
1.060000e+02	4.081722e+03	4.081722e+03	0.000000e+00	6.110000e+02	7.068582e+02	
1.070000e+02	4.168155e+03	4.168155e+03	0.000000e+00	6.120000e+02	7.135493e+02	
1.080000e+02	4.179037e+03	4.179037e+03	0.000000e+00	6.330000e+02	7.204866e+02	
1.090000e+02	4.227149e+03	4.227149e+03	0.000000e+00	6.180000e+02	7.274581e+02	
1.100000e+02	4.071949e+03	4.071949e+03	0.000000e+00	5.870000e+02	7.345114e+02	
1.110000e+02	3.892970e+03	3.892970e+03	0.000000e+00	5.850000e+02	7.415910e+02	
1.120000e+02	4.219333e+03	4.219333e+03	0.000000e+00	6.240000e+02	7.489337e+02	
1.130000e+02	4.127492e+03	4.127492e+03	0.000000e+00	6.230000e+02	7.561110e+02	
1.140000e+02	3.920401e+03	3.920401e+03	0.000000e+00	5.960000e+02	7.634769e+02	
1.150000e+02	3.910218e+03	3.910218e+03	0.000000e+00	5.930000e+02	7.701191e+02	
1.160000e+02	4.223481e+03	4.223481e+03	0.000000e+00	6.440000e+02	7.767547e+02	
1.170000e+02	4.114224e+03	4.114224e+03	0.000000e+00	6.300000e+02	7.834972e+02	
1.180000e+02	4.045618e+03	4.045618e+03	0.000000e+00	6.060000e+02	7.904311e+02	
1.190000e+02	3.756089e+03	3.756089e+03	0.000000e+00	5.490000e+02	7.974362e+02	
1.200000e+02	4.137574e+03	4.137574e+03	0.000000e+00	6.180000e+02	8.044940e+02	
1.210000e+02	4.109800e+03	4.109800e+03	0.000000e+00	6.100000e+02	8.118038e+02	
1.220000e+02	4.148868e+03	4.148868e+03	0.000000e+00	6.190000e+02	8.190268e+02	
1.230000e+02	4.043658e+03	4.043658e+03	0.000000e+00	5.930000e+02	8.264322e+02	
1.240000e+02	3.908790e+03	3.908790e+03	0.000000e+00	5.680000e+02	8.330230e+02	
1.250000e+02	4.185713e+03	4.185713e+03	0.000000e+00	6.230000e+02	8.397561e+02	
1.260000e+02	4.103892e+03	4.103892e+03	0.000000e+00	6.060000e+02	8.465398e+02	
1.270000e+02	3.860635e+03	3.860635e+03	0.000000e+00	5.650000e+02	8.534646e+02	
1.280000e+02	3.869479e+03	3.869479e+03	0.000000e+00	5.840000e+02	8.605306e+02	
1.290000e+02	4.059044e+03	4.059044e+03	0.000000e+00	5.920000e+02	8.676737e+02	
1.300000e+02	4.002905e+03	4.002905e+03	0.000000e+00	6.120000e+02	8.749026e+02	
1.310000e+02	4.166647e+03	4.166647e+03	0.000000e+00	6.290000e+02	8.821583e+02	
1.320000e+02	4.027820e+03	4.027820e+03	0.000000e+00	6.060000e+02	8.894444e+02	
1.330000e+02	3.994108e+03	3.994108e+03	0.000000e+00	5.900000e+02	8.966958e+02	
1.340000e+02	3.965698e+03	3.965698e+03	0.000000e+00	5.940000e+02	9.040094e+02	
1.350000e+02	4.130479e+03	4.130479e+03	0.000000e+00	6.120000e+02	9.112874e+02	
1.360000e+02	3.785577e+03	3.785577e+03	0.000000e+00	5.590000e+02	9.186022e+02	
1.370000e+02	3.924632e+03	3.924632e+03	0.000000e+00	5.850000e+02	9.260457e+02	
1.380000e+02	3.913612e+03	3.913612e+03	0.000000e+00	5.750000e+02	9.334034e+02	
1.390000e+02	3.886635e+03	3.886635e+03	0.000000e+00	5.760000e+02	9.407188e+02	
1.400000e+02	3.916846e+03	3.916846e+03	0.000000e+00	5.960000e+02	9.480539e+02	
1.410000e+02	4.102249e+03	4.102249e+03	0.000000e+00	6.170000e+02	9.553180e+02	
1.420000e+02	3.874821e+03	3.874821e+03	0.000000e+00	5.830000e+02	9.626450e+02	
1.430000e+02	4.161280e+03	4.161280e+03	0.000000e+00	6.310000e+02	9.699861e+02	
1.440000e+02	4.023138e+03	4.023138e+03	0.000000e+00	6.010000e+02	9.773116e+02	
1.450000e+02	3.907413e+03	3.907413e+03	0.000000e+00	5.790000e+02	9.846538e+02	
1.460000e+02	3.849040e+03	3.849040e+03	0.000000e+00	5.740000e+02	9.920322e+02	
1.470000e+02	4.216350e+03	4.216350e+03	0.000000e+00	6.150000e+02	9.994011e+02	
1.480000e+02	3.708973e+03	3.708973e+03	0.000000e+00	5.480000e+02	1.006071e+03	
1.490000e+02	3.846226e+03	3.846226e+03	0.000000e+00	5.640000e+02	1.012814e+03	
1.500000e+02	3.779064e+03	3.779064e+03	0.000000e+00	5.550000e+02	1.019634e+03	
1.510000e+02	3.661004e+03	3.661004e+03	0.000000e+00	5.300000e+02	1.026619e+03	
1.520000e+02	3.524317e+03	3.524317e+03	0.000000e+00	5.110000e+02	1.033807e+03	
1.530000e+02	3.901098e+03	3.901098e+03	0.000000e+00	5.750000e+02	1.041166e+03	
1.540000e+02	4.021287e+03	4.021287e+03	0.000000e+00	6.060000e+02	1.048469e+03	
1.550000e+02	3.970074e+03	3.970074e+03	0.000000e+00	5.880000e+02	1.055878e+03	
1.560000e+02	4.024501e+03	4.024501e+03	0.000000e+00	5.820000e+02	1.063232e+03	
1.570000e+02	4.340392e+03	4.340392e+03	0.000000e+00	6.510000e+02	1.070650e+03	
1.580000e+02	4.124059e+03	4.124059e+03	0.000000e+00	6.240000e+02	1.077999e+03	
1.590000e+02	3.818768e+03	3.818768e+03	0.000000e+00	5.800000e+02	1.085198e+03	
1.600000e+02	3.958083e+03	3.958083e+03	0.000000e+00	5.790000e+02	1.091911e+03	
1.610000e+02	3.698525e+03	3.698525e+03	0.000000e+00	5.460000e+02	1.098696e+03	
1.620000e+02	4.000000e+03	4.000000e+03	0.000000e+00	5.940000e+02	1.105601e+03	
1.630000e+02	4.138739e+03	4.138739e+03	0.000000e+00	6.130000e+02	1.112666e+03	
1.640000e+02	3.976854e+03	3.976854e+03	0.000000e+00	5.950000e+02	1.119896e+03	
1.650000e+02	4.019293e+03	4.019293e+03	0.000000e+00	5.860000e+02	1.127181e+03	
1.660000e+02	4.047798e+03	4.047798e+03	0.000000e+00	5.990000e+02	1.134512e+03	
1.670000e+02	4.100773e+03	4.100773e+03	0.000000e+00	6.130000e+02	1.141867e+03	
1.680000e+02	3.918974e+03	3.918974e+03	0.000000e+00	5.830000e+02	1.149239e+03	
1.690000e+02	3.890108e+03	3.890108e+03	0.000000e+00	5.850000e+02	1.155926e+03	
1.700000e+02	4.149493e+03	4.149493e+03	0.000000e+00	6.210000e+02	1.162683e+03	
1.710000e+02	4.363346e+03	4.363346e+03	0.000000e+00	6.430000e+02	1.169713e+03	
1.720000e+02	4.246119e+03	4.246119e+03	0.000000e+00	6.240000e+02	1.176767e+03	
1.730000e+02	3.833056e+03	3.833056e+03	0.000000e+00	5.840000e+02	1.183990e+03	
1.740000e+02	3.882214e+03	3.882214e+03	0.000000e+00	5.670000e+02	1.191280e+03	
1.750000e+02	3.919054e+03	3.919054e+03	0.000000e+00	5.650000e+02	1.198621e+03	
1.760000e+02	3.914508e+03	3.914508e+03	0.000000e+00	5.850000e+02	1.206070e+03	
1.770000e+02	3.712261e+03	3.712261e+03	0.000000e+00	5.600000e+02	1.213692e+03	
1.780000e+02	3.818539e+03	3.818539e+03	0.000000e+00	5.700000e+02	1.219954e+03	
1.790000e+02	4.105100e+03	4.105100e+03	0.000000e+00	6.090000e+02	1.227338e+03	
1.800000e+02	3.984683e+03	3.984683e+03	0.000000e+00	5.900000e+02	1.235533e+03	
1.810000e+02	4.260002e+03	4.260002e+03	0.000000e+00	6.320000e+02	1.242697e+03	
1.820000e+02	4.070776e+03	4.070776e+03	0.000000e+00	6.130000e+02	1.249456e+03	
1.830000e+02	4.412258e+03	4.412258e+03	0.000000e+00	6.510000e+02	1.256283e+03	
1.840000e+02	3.823235e+03	3.823235e+03	0.000000e+00	5.660000e+02	1.263281e+03	
1.850000e+02	3.951916e+03	3.951916e+03	0.000000e+00	6.010000e+02	1.270501e+03	
1.860000e+02	4.013078e+03	4.013078e+03	0.000000e+00	6.010000e+02	1.277795e+03	
1.870000e+02	4.194511e+03	4.194511e+03	0.000000e+00	6.260000e+02	1.285396e+03	
1.880000e+02	4.129797e+03	4.129797e+03	0.000000e+00	6.070000e+02	1.292812e+03	
1.890000e+02	4.117400e+03	4.117400e+03	0.000000e+00	6.250000e+02	1.300236e+03	
1.900000e+02	4.006102e+03	4.006102e+03	0.000000e+00	6.110000e+02	1.307614e+03	
1.910000e+02	3.951953e+03	3.951953e+03	0.000000e+00	5.910000e+02	1.314974e+03	
1.920000e+02	3.994771e+03	3.994771e+03	0.000000e+00	5.960000e+02	1.321838e+03	
1.930000e+02	4.342037e+03	4.342037e+03	0.000000e+00	6.430000e+02	1.328604e+03	
1.940000e+02	3.913026e+03	3.913026e+03	0.000000e+00	5.900000e+02	1.335494e+03	
1.950000e+02	3.966508e+03	3.966508e+03	0.000000e+00	5.820000e+02	1.342544e+03	
1.960000e+02	4.106647e+03	4.106647e+03	0.000000e+00	6.140000e+02	1.349820e+03	
1.970000e+02	3.962230e+03	3.962230e+03	0.000000e+00	5.890000e+02	1.357121e+03	
1.980000e+02	3.998124e+03	3.998124e+03	0.000000e+00	5.990000e+02	1.364508e+03	
1.990000e+02	4.223662e+03	4.223662e+03	0.000000e+00	6.280000e+02	1.371951e+03	
2.000000e+02	3.778233e+03	3.778233e+03	0.000000e+00	5.750000e+02	1.379415e+03	
2.010000e+02	3.880678e+03	3.880678e+03	0.000000e+00	5.690000e+02	1.386883e+03	
2.020000e+02	4.062963e+03	4.062963e+03	0.000000e+00	6.020000e+02	1.394314e+03	
2.030000e+02	3.929625e+03	3.929625e+03	0.000000e+00	5.910000e+02	1.401614e+03	
2.040000e+02	4.351379e+03	4.351379e+03	0.000000e+00	6.470000e+02	1.408352e+03	
2.050000e+02	4.137966e+03	4.137966e+03	0.000000e+00	6.190000e+02	1.415342e+03	
2.060000e+02	3.790155e+03	3.790155e+03	0.000000e+00	5.530000e+02	1.421647e+03	
2.070000e+02	4.060240e+03	4.060240e+03	0.000000e+00	6.070000e+02	1.427923e+03	
2.080000e+02	4.152685e+03	4.152685e+03	0.000000e+00	6.190000e+02	1.436169e+03	
2.090000e+02	4.012880e+03	4.012880e+03	0.000000e+00	5.920000e+02	1.443901e+03	
2.100000e+02	4.095206e+03	4.095206e+03	0.000000e+00	6.070000e+02	1.451334e+03	
2.110000e+02	3.721794e+03	3.721794e+03	0.000000e+00	5.550000e+02	1.458747e+03	
2.120000e+02	4.027271e+03	4.027271e+03	0.000000e+00	6.020000e+02	1.466194e+03	
2.130000e+02	4.315370e+03	4.315370e+03	0.000000e+00	6.450000e+02	1.473489e+03	
2.140000e+02	4.053899e+03	4.053899e+03	0.000000e+00	6.040000e+02	1.480192e+03	
2.150000e+02	4.246762e+03	4.246762e+03	0.000000e+00	6.140000e+02	1.487003e+03	
2.160000e+02	4.129334e+03	4.129334e+03	0.000000e+00	6.190000e+02	1.493937e+03	
2.170000e+02	3.912034e+03	3.912034e+03	0.000000e+00	5.950000e+02	1.501136e+03	
2.180000e+02	3.837284e+03	3.837284e+03	0.000000e+00	5.730000e+02	1.508401e+03	
2.190000e+02	3.915765e+03	3.915765e+03	0.000000e+00	5.730000e+02	1.515789e+03	
2.200000e+02	4.074754e+03	4.074754e+03	0.000000e+00	6.120000e+02	1.523484e+03	
2.210000e+02	3.850781e+03	3.850781e+03	0.000000e+00	5.850000e+02	1.530471e+03	
2.220000e+02	4.014104e+03	4.014104e+03	0.000000e+00	5.890000e+02	1.536769e+03	
2.230000e+02	4.082526e+03	4.082526e+03	0.000000e+00	6.120000e+02	1.543094e+03	
2.240000e+02	4.018220e+03	4.018220e+03	0.000000e+00	5.960000e+02	1.551278e+03	
2.250000e+02	4.152199e+03	4.152199e+03	0.000000e+00	6.140000e+02	1.558526e+03	
2.260000e+02	3.976896e+03	3.976896e+03	0.000000e+00	6.020000e+02	1.565947e+03	
2.270000e+02	4.097881e+03	4.097881e+03	0.000000e+00	6.150000e+02	1.573434e+03	
2.280000e+02	3.993738e+03	3.993738e+03	0.000000e+00	6.030000e+02	1.580878e+03	
2.290000e+02	4.115321e+03	4.115321e+03	0.000000e+00	6.150000e+02	1.589009e+03	
2.300000e+02	3.949405e+03	3.949405e+03	0.000000e+00	5.990000e+02	1.596788e+03	
2.310000e+02	4.135326e+03	4.135326e+03	0.000000e+00	6.110000e+02	1.603834e+03	
2.320000e+02	4.197644e+03	4.197644e+03	0.000000e+00	6.350000e+02	1.610586e+03	
2.330000e+02	3.975143e+03	3.975143e+03	0.000000e+00	5.970000e+02	1.617381e+03	
2.340000e+02	4.138706e+03	4.138706e+03	0.000000e+00	6.190000e+02	1.624305e+03	
2.350000e+02	4.290850e+03	4.290850e+03	0.000000e+00	6.420000e+02	1.631479e+03	
2.360000e+02	4.299066e+03	4.299066e+03	0.000000e+00	6.370000e+02	1.638676e+03	
2.370000e+02	4.237705e+03	4.237705e+03	0.000000e+00	6.310000e+02	1.646127e+03	
2.380000e+02	3.916497e+03	3.916497e+03	0.000000e+00	5.720000e+02	1.653734e+03	
2.390000e+02	3.908716e+03	3.908716e+03	0.000000e+00	5.730000e+02	1.661197e+03	
2.400000e+02	3.818070e+03	3.818070e+03	0.000000e+00	5.730000e+02	1.668696e+03	
2.410000e+02	4.144998e+03	4.144998e+03	0.000000e+00	6.130000e+02	1.676219e+03	
2.420000e+02	3.941478e+03	3.941478e+03	0.000000e+00	5.900000e+02	1.683666e+03	
2.430000e+02	4.232201e+03	4.232201e+03	0.000000e+00	6.420000e+02	1.691133e+03	
2.440000e+02	4.082294e+03	4.082294e+03	0.000000e+00	6.090000e+02	1.698629e+03	
2.450000e+02	4.323135e+03	4.323135e+03	0.000000e+00	6.450000e+02	1.706374e+03	
2.460000e+02	4.050276e+03	4.050276e+03	0.000000e+00	5.960000e+02	1.713198e+03	
2.470000e+02	3.881017e+03	3.881017e+03	0.000000e+00	5.810000e+02	1.719998e+03	
2.480000e+02	4.382581e+03	4.382581e+03	0.000000e+00	6.400000e+02	1.726904e+03	
2.490000e+02	4.027733e+03	4.027733e+03	0.000000e+00	5.980000e+02	1.733967e+03	
2.500000e+02	4.141720e+03	4.141720e+03	0.000000e+00	6.150000e+02	1.741258e+03	
2.510000e+02	4.151668e+03	4.151668e+03	0.000000e+00	6.130000e+02	1.748586e+03	
2.520000e+02	3.973271e+03	3.973271e+03	0.000000e+00	5.910000e+02	1.756095e+03	
2.530000e+02	4.114281e+03	4.114281e+03	0.000000e+00	6.140000e+02	1.763719e+03	
2.540000e+02	4.275438e+03	4.275438e+03	0.000000e+00	6.160000e+02	1.770728e+03	
2.550000e+02	4.121457e+03	4.121457e+03	0.000000e+00	6.150000e+02	1.777547e+03	
2.560000e+02	3.985736e+03	3.985736e+03	0.000000e+00	5.940000e+02	1.784477e+03	
2.570000e+02	4.205806e+03	4.205806e+03	0.000000e+00	6.360000e+02	1.791566e+03	
2.580000e+02	4.186763e+03	4.186763e+03	0.000000e+00	6.260000e+02	1.798832e+03	
2.590000e+02	3.825112e+03	3.825112e+03	0.000000e+00	5.740000e+02	1.806245e+03	
2.600000e+02	4.091514e+03	4.091514e+03	0.000000e+00	6.010000e+02	1.813818e+03	
2.610000e+02	4.014317e+03	4.014317e+03	0.000000e+00	5.830000e+02	1.821230e+03	
2.620000e+02	3.791562e+03	3.791562e+03	0.000000e+00	5.750000e+02	1.828624e+03	
2.630000e+02	4.232039e+03	4.232039e+03	0.000000e+00	6.290000e+02	1.836103e+03	
2.640000e+02	4.066052e+03	4.066052e+03	0.000000e+00	6.130000e+02	1.843588e+03	
2.650000e+02	3.817698e+03	3.817698e+03	0.000000e+00	5.680000e+02	1.851082e+03	
2.660000e+02	4.049331e+03	4.049331e+03	0.000000e+00	5.960000e+02	1.858575e+03	
2.670000e+02	4.060289e+03	4.060289e+03	0.000000e+00	6.080000e+02	1.866157e+03	
2.680000e+02	3.848616e+03	3.848616e+03	0.000000e+00	5.670000e+02	1.873647e+03	
2.690000e+02	4.252156e+03	4.252156e+03	0.000000e+00	6.320000e+02	1.881131e+03	
2.700000e+02	4.243121e+03	4.243121e+03	0.000000e+00	6.450000e+02	1.888682e+03	
2.710000e+02	3.974312e+03	3.974312e+03	0.000000e+00	5.850000e+02	1.896068e+03	
2.720000e+02	4.043268e+03	4.043268e+03	0.000000e+00	6.110000e+02	1.902808e+03	
2.730000e+02	4.175720e+03	4.175720e+03	0.000000e+00	6.240000e+02	1.909660e+03	
2.740000e+02	4.269404e+03	4.269404e+03	0.000000e+00	6.370000e+02	1.916571e+03	
2.750000e+02	4.278943e+03	4.278943e+03	0.000000e+00	6.260000e+02	1.923658e+03	
2.760000e+02	4.185920e+03	4.185920e+03	0.000000e+00	6.060000e+02	1.930956e+03	
2.770000e+02	3.765891e+03	3.765891e+03	0.000000e+00	5.660000e+02	1.938344e+03	
2.780000e+02	4.058789e+03	4.058789e+03	0.000000e+00	6.040000e+02	1.945880e+03	
2.790000e+02	4.188676e+03	4.188676e+03	0.000000e+00	6.250000e+02	1.953396e+03	
2.800000e+02	3.877330e+03	3.877330e+03	0.000000e+00	5.770000e+02	1.960856e+03	
2.810000e+02	3.749785e+03	3.749785e+03	0.000000e+00	5.390000e+02	1.968317e+03	
2.820000e+02	3.749861e+03	3.749861e+03	0.000000e+00	5.570000e+02	1.975777e+03	
2.830000e+02	4.204369e+03	4.204369e+03	0.000000e+00	6.150000e+02	1.983271e+03	
2.840000e+02	4.117491e+03	4.117491e+03	0.000000e+00	6.090000e+02	1.989763e+03	
2.850000e+02	4.191126e+03	4.191126e+03	0.000000e+00	6.180000e+02	1.997885e+03	
2.860000e+02	4.325002e+03	4.325002e+03	0.000000e+00	6.380000e+02	2.004638e+03	
2.870000e+02	4.227148e+03	4.227148e+03	0.000000e+00	6.260000e+02	2.012061e+03	
2.880000e+02	4.017507e+03	4.017507e+03	0.000000e+00	6.000000e+02	2.020197e+03	
2.890000e+02	4.084849e+03	4.084849e+03	0.000000e+00	6.170000e+02	2.028415e+03	
2.900000e+02	4.197633e+03	4.197633e+03	0.000000e+00	6.280000e+02	2.036312e+03	
2.910000e+02	4.150465e+03	4.150465e+03	0.000000e+00	6.110000e+02	2.044618e+03	
2.920000e+02	3.899168e+03	3.899168e+03	0.000000e+00	5.920000e+02	2.052882e+03	
2.930000e+02	3.912777e+03	3.912777e+03	0.000000e+00	5.980000e+02	2.059725e+03	
2.940000e+02	4.050305e+03	4.050305e+03	0.000000e+00	5.990000e+02	2.066007e+03	
2.950000e+02	3.969187e+03	3.969187e+03	0.000000e+00	6.010000e+02	2.073951e+03	
2.960000e+02	4.001586e+03	4.001586e+03	0.000000e+00	5.980000e+02	2.081254e+03	
2.970000e+02	4.079168e+03	4.079168e+03	0.000000e+00	6.030000e+02	2.088559e+03	
2.980000e+02	3.992468e+03	3.992468e+03	0.000000e+00	6.040000e+02	2.095964e+03	
2.990000e+02	4.405432e+03	4.405432e+03	0.000000e+00	6.600000e+02	2.103393e+03	
3.000000e+02	4.140437e+03	4.140437e+03	0.000000e+00	6.090000e+02	2.110842e+03	
3.010000e+02	4.131116e+03	4.131116e+03	0.000000e+00	6.130000e+02	2.118289e+03	
3.020000e+02	4.082155e+03	4.082155e+03	0.000000e+00	6.110000e+02	2.125894e+03	
3.030000e+02	4.005627e+03	4.005627e+03	0.000000e+00	5.980000e+02	2.133423e+03	
3.040000e+02	3.984762e+03	3.984762e+03	0.000000e+00	6.050000e+02	2.140899e+03	
3.050000e+02	4.280023e+03	4.280023e+03	0.000000e+00	6.350000e+02	2.148401e+03	
3.060000e+02	3.985236e+03	3.985236e+03	0.000000e+00	5.920000e+02	2.155915e+03	
3.070000e+02	4.270265e+03	4.270265e+03	0.000000e+00	6.420000e+02	2.163432e+03	
3.080000e+02	4.007095e+03	4.007095e+03	0.000000e+00	6.060000e+02	2.170990e+03	
3.090000e+02	4.209773e+03	4.209773e+03	0.000000e+00	6.300000e+02	2.178526e+03	
3.100000e+02	4.256453e+03	4.256453e+03	0.000000e+00	6.230000e+02	2.186055e+03	
3.110000e+02	4.250191e+03	4.250191e+03	0.000000e+00	6.360000e+02	2.193573e+03	
3.120000e+02	4.008823e+03	4.008823e+03	0.000000e+00	5.970000e+02	2.201101e+03	
3.130000e+02	4.317852e+03	4.317852e+03	0.000000e+00	6.590000e+02	2.208929e+03	
3.140000e+02	4.177373e+03	4.177373e+03	0.000000e+00	6.130000e+02	2.216370e+03	
3.150000e+02	4.032397e+03	4.032397e+03	0.000000e+00	6.130000e+02	2.223587e+03	
3.160000e+02	3.968079e+03	3.968079e+03	0.000000e+00	6.030000e+02	2.230626e+03	
3.170000e+02	3.791582e+03	3.791582e+03	0.000000e+00	5.690000e+02	2.238075e+03	
3.180000e+02	4.206667e+03	4.206667e+03	0.000000e+00	6.280000e+02	2.245292e+03	
3.190000e+02	4.236213e+03	4.236213e+03	0.000000e+00	6.260000e+02	2.251733e+03	
3.200000e+02	4.130407e+03	4.130407e+03	0.000000e+00	6.090000e+02	2.258365e+03	
3.210000e+02	3.826125e+03	3.826125e+03	0.000000e+00	5.720000e+02	2.266535e+03	
3.220000e+02	3.655051e+03	3.655051e+03	0.000000e+00	5.440000e+02	2.274685e+03	
3.230000e+02	3.760305e+03	3.760305e+03	0.000000e+00	5.670000e+02	2.281838e+03	
3.240000e+02	4.087401e+03	4.087401e+03	0.000000e+00	6.090000e+02	2.288701e+03	
3.250000e+02	3.965653e+03	3.965653e+03	0.000000e+00	5.960000e+02	2.295832e+03	
3.260000e+02	3.787907e+03	3.787907e+03	0.000000e+00	5.590000e+02	2.302982e+03	
3.270000e+02	4.161073e+03	4.161073e+03	0.000000e+00	6.150000e+02	2.310265e+03	
3.280000e+02	3.719302e+03	3.719302e+03	0.000000e+00	5.410000e+02	2.317619e+03	
3.290000e+02	3.857231e+03	3.857231e+03	0.000000e+00	5.590000e+02	2.325046e+03	
3.300000e+02	3.989708e+03	3.989708e+03	0.000000e+00	5.900000e+02	2.332464e+03	
3.310000e+02	3.997113e+03	3.997113e+03	0.000000e+00	5.950000e+02	2.339920e+03	
3.320000e+02	3.985566e+03	3.985566e+03	0.000000e+00	5.940000e+02	2.347375e+03	
3.330000e+02	4.085819e+03	4.085819e+03	0.000000e+00	6.090000e+02	2.354846e+03	
3.340000e+02	4.045290e+03	4.045290e+03	0.000000e+00	5.980000e+02	2.362302e+03	
3.350000e+02	3.886095e+03	3.886095e+03	0.000000e+00	5.860000e+02	2.369887e+03	
3.360000e+02	3.822255e+03	3.822255e+03	0.000000e+00	5.690000e+02	2.377392e+03	
3.370000e+02	4.044165e+03	4.044165e+03	0.000000e+00	6.140000e+02	2.384895e+03	
3.380000e+02	4.048745e+03	4.048745e+03	0.000000e+00	5.950000e+02	2.392415e+03	
3.390000e+02	4.246958e+03	4.246958e+03	0.000000e+00	6.210000e+02	2.399740e+03	
3.400000e+02	4.032494e+03	4.032494e+03	0.000000e+00	6.010000e+02	2.406461e+03	
3.410000e+02	3.849013e+03	3.849013e+03	0.000000e+00	5.690000e+02	2.413297e+03	
3.420000e+02	3.792605e+03	3.792605e+03	0.000000e+00	5.720000e+02	2.420258e+03	
3.430000e+02	3.979084e+03	3.979084e+03	0.000000e+00	5.950000e+02	2.427373e+03	
3.440000e+02	3.925261e+03	3.925261e+03	0.000000e+00	5.820000e+02	2.434711e+03	
3.450000e+02	3.909236e+03	3.909236e+03	0.000000e+00	5.850000e+02	2.442078e+03	
3.460000e+02	4.069412e+03	4.069412e+03	0.000000e+00	6.150000e+02	2.449720e+03	
3.470000e+02	3.989377e+03	3.989377e+03	0.000000e+00	5.950000e+02	2.456502e+03	
3.480000e+02	3.827031e+03	3.827031e+03	0.000000e+00	5.750000e+02	2.463306e+03	
3.490000e+02	3.871967e+03	3.871967e+03	0.000000e+00	5.780000e+02	2.470277e+03	
3.500000e+02	3.804068e+03	3.804068e+03	0.000000e+00	5.630000e+02	2.477411e+03	
3.510000e+02	3.476171e+03	3.476171e+03	0.000000e+00	5.150000e+02	2.484754e+03	
3.520000e+02	3.838957e+03	3.838957e+03	0.000000e+00	5.650000e+02	2.492208e+03	
3.530000e+02	3.957315e+03	3.957315e+03	0.000000e+00	5.800000e+02	2.499660e+03	
3.540000e+02	3.834471e+03	3.834471e+03	0.000000e+00	5.670000e+02	2.507102e+03	
3.550000e+02	3.892838e+03	3.892838e+03	0.000000e+00	5.730000e+02	2.514552e+03	
3.560000e+02	3.641895e+03	3.641895e+03	0.000000e+00	5.420000e+02	2.522327e+03	
3.570000e+02	4.032947e+03	4.032947e+03	0.000000e+00	6.000000e+02	2.529193e+03	
3.580000e+02	3.710668e+03	3.710668e+03	0.000000e+00	5.650000e+02	2.536007e+03	
3.590000e+02	3.961768e+03	3.961768e+03	0.000000e+00	5.940000e+02	2.542897e+03	
3.600000e+02	4.082511e+03	4.082511e+03	0.000000e+00	6.190000e+02	2.550178e+03	
3.610000e+02	3.916611e+03	3.916611e+03	0.000000e+00	5.770000e+02	2.557459e+03	
3.620000e+02	3.819804e+03	3.819804e+03	0.000000e+00	5.570000e+02	2.564822e+03	
3.630000e+02	3.884416e+03	3.884416e+03	0.000000e+00	5.750000e+02	2.572263e+03	
3.640000e+02	4.131431e+03	4.131431e+03	0.000000e+00	6.220000e+02	2.579736e+03	
3.650000e+02	3.897315e+03	3.897315e+03	0.000000e+00	5.880000e+02	2.587198e+03	
3.660000e+02	3.937962e+03	3.937962e+03	0.000000e+00	5.960000e+02	2.594922e+03	
3.670000e+02	4.069303e+03	4.069303e+03	0.000000e+00	6.020000e+02	2.601847e+03	
3.680000e+02	4.108783e+03	4.108783e+03	0.000000e+00	6.120000e+02	2.608646e+03	
3.690000e+02	3.882966e+03	3.882966e+03	0.000000e+00	5.770000e+02	2.615686e+03	
3.700000e+02	4.035223e+03	4.035223e+03	0.000000e+00	6.010000e+02	2.622719e+03	
3.710000e+02	3.893936e+03	3.893936e+03	0.000000e+00	5.920000e+02	2.629958e+03	
3.720000e+02	3.960130e+03	3.960130e+03	0.000000e+00	5.950000e+02	2.637294e+03	
3.730000e+02	3.961669e+03	3.961669e+03	0.000000e+00	5.920000e+02	2.644705e+03	
3.740000e+02	3.783567e+03	3.783567e+03	0.000000e+00	5.730000e+02	2.652127e+03	
3.750000e+02	4.083714e+03	4.083714e+03	0.000000e+00	6.020000e+02	2.659796e+03	
3.760000e+02	4.131965e+03	4.131965e+03	0.000000e+00	6.160000e+02	2.666669e+03	
3.770000e+02	4.412320e+03	4.412320e+03	0.000000e+00	6.500000e+02	2.673522e+03	
3.780000e+02	4.180320e+03	4.180320e+03	0.000000e+00	6.210000e+02	2.680448e+03	
3.790000e+02	3.917712e+03	3.917712e+03	0.000000e+00	5.980000e+02	2.687522e+03	
3.800000e+02	3.983675e+03	3.983675e+03	0.000000e+00	6.080000e+02	2.694785e+03	
3.810000e+02	4.138363e+03	4.138363e+03	0.000000e+00	6.080000e+02	2.702129e+03	
3.820000e+02	4.055342e+03	4.055342e+03	0.000000e+00	5.960000e+02	2.709560e+03	
3.830000e+02	3.739298e+03	3.739298e+03	0.000000e+00	5.690000e+02	2.717157e+03	
3.840000e+02	3.994205e+03	3.994205e+03	0.000000e+00	6.110000e+02	2.723992e+03	
3.850000e+02	4.144101e+03	4.144101e+03	0.000000e+00	6.350000e+02	2.731053e+03	
3.860000e+02	3.951110e+03	3.951110e+03	0.000000e+00	5.960000e+02	2.738008e+03	
3.870000e+02	4.256072e+03	4.256072e+03	0.000000e+00	6.350000e+02	2.745132e+03	
3.880000e+02	4.142139e+03	4.142139e+03	0.000000e+00	6.220000e+02	2.752403e+03	
3.890000e+02	4.186199e+03	4.186199e+03	0.000000e+00	6.190000e+02	2.759832e+03	
3.900000e+02	3.950797e+03	3.950797e+03	0.000000e+00	5.830000e+02	2.767305e+03	
3.910000e+02	3.826489e+03	3.826489e+03	0.000000e+00	5.780000e+02	2.774766e+03	
3.920000e+02	3.886674e+03	3.886674e+03	0.000000e+00	5.880000e+02	2.782220e+03	
3.930000e+02	3.965705e+03	3.965705e+03	0.000000e+00	5.980000e+02	2.789952e+03	
3.940000e+02	3.965122e+03	3.965122e+03	0.000000e+00	5.760000e+02	2.796730e+03	
3.950000e+02	3.861802e+03	3.861802e+03	0.000000e+00	5.620000e+02	2.803520e+03	
3.960000e+02	3.837051e+03	3.837051e+03	0.000000e+00	5.630000e+02	2.810415e+03	
3.970000e+02	3.868936e+03	3.868936e+03	0.000000e+00	5.750000e+02	2.817463e+03	
3.980000e+02	3.779077e+03	3.779077e+03	0.000000e+00	5.560000e+02	2.824799e+03	
3.990000e+02	3.665929e+03	3.665929e+03	0.000000e+00	5.490000e+02	2.831537e+03	
4.000000e+02	3.902337e+03	3.902337e+03	0.000000e+00	5.950000e+02	2.838308e+03	
4.010000e+02	4.007676e+03	4.007676e+03	0.000000e+00	6.110000e+02	2.845461e+03	
4.020000e+02	4.197348e+03	4.197348e+03	0.000000e+00	6.240000e+02	2.852597e+03	
4.030000e+02	3.984021e+03	3.984021e+03	0.000000e+00	6.000000e+02	2.859848e+03	
4.040000e+02	3.964457e+03	3.964457e+03	0.000000e+00	5.810000e+02	2.867181e+03	
4.050000e+02	4.051367e+03	4.051367e+03	0.000000e+00	5.970000e+02	2.874611e+03	
4.060000e+02	3.804454e+03	3.804454e+03	0.000000e+00	5.660000e+02	2.882050e+03	
4.070000e+02	3.970332e+03	3.970332e+03	0.000000e+00	5.820000e+02	2.889476e+03	
4.080000e+02	3.938108e+03	3.938108e+03	0.000000e+00	5.840000e+02	2.897155e+03	
4.090000e+02	4.058975e+03	4.058975e+03	0.000000e+00	6.070000e+02	2.903937e+03	
4.100000e+02	3.933268e+03	3.933268e+03	0.000000e+00	5.840000e+02	2.910826e+03	
4.110000e+02	3.907043e+03	3.907043e+03	0.000000e+00	5.800000e+02	2.917692e+03	
4.120000e+02	4.084287e+03	4.084287e+03	0.000000e+00	6.160000e+02	2.924731e+03	
4.130000e+02	4.296461e+03	4.296461e+03	0.000000e+00	6.320000e+02	2.931989e+03	
4.140000e+02	3.879117e+03	3.879117e+03	0.000000e+00	5.820000e+02	2.939341e+03	
4.150000e+02	3.863404e+03	3.863404e+03	0.000000e+00	5.740000e+02	2.946810e+03	
4.160000e+02	4.112659e+03	4.112659e+03	0.000000e+00	6.140000e+02	2.954284e+03	
4.170000e+02	4.287497e+03	4.287497e+03	0.000000e+00	6.450000e+02	2.961944e+03	
4.180000e+02	4.074522e+03	4.074522e+03	0.000000e+00	6.190000e+02	2.968957e+03	
4.190000e+02	4.128226e+03	4.128226e+03	0.000000e+00	6.140000e+02	2.975797e+03	
4.200000e+02	4.067195e+03	4.067195e+03	0.000000e+00	6.050000e+02	2.982694e+03	
4.210000e+02	3.803328e+03	3.803328e+03	0.000000e+00	5.730000e+02	2.989798e+03	
4.220000e+02	3.936197e+03	3.936197e+03	0.000000e+00	5.920000e+02	2.997052e+03	
4.230000e+02	3.988370e+03	3.988370e+03	0.000000e+00	6.000000e+02	3.004419e+03	
4.240000e+02	3.807716e+03	3.807716e+03	0.000000e+00	5.620000e+02	3.011857e+03	
4.250000e+02	3.813310e+03	3.813310e+03	0.000000e+00	5.680000e+02	3.019328e+03	
4.260000e+02	3.792253e+03	3.792253e+03	0.000000e+00	5.500000e+02	3.026781e+03	
4.270000e+02	3.564797e+03	3.564797e+03	0.000000e+00	5.370000e+02	3.034234e+03	
4.280000e+02	3.862629e+03	3.862629e+03	0.000000e+00	5.830000e+02	3.041693e+03	
4.290000e+02	3.864789e+03	3.864789e+03	0.000000e+00	5.640000e+02	3.049157e+03	
4.300000e+02	4.224515e+03	4.224515e+03	0.000000e+00	6.230000e+02	3.056657e+03	
4.310000e+02	3.813132e+03	3.813132e+03	0.000000e+00	5.690000e+02	3.064190e+03	
4.320000e+02	3.798338e+03	3.798338e+03	0.000000e+00	5.660000e+02	3.071665e+03	
4.330000e+02	3.901889e+03	3.901889e+03	0.000000e+00	5.740000e+02	3.079173e+03	
4.340000e+02	3.753397e+03	3.753397e+03	0.000000e+00	5.540000e+02	3.086783e+03	
4.350000e+02	4.260058e+03	4.260058e+03	0.000000e+00	6.230000e+02	3.094320e+03	
4.360000e+02	4.161791e+03	4.161791e+03	0.000000e+00	6.240000e+02	3.101870e+03	
4.370000e+02	4.341067e+03	4.341067e+03	0.000000e+00	6.390000e+02	3.109629e+03	
4.380000e+02	4.040241e+03	4.040241e+03	0.000000e+00	6.060000e+02	3.116493e+03	
4.390000e+02	3.876492e+03	3.876492e+03	0.000000e+00	5.890000e+02	3.123354e+03	
4.400000e+02	4.077485e+03	4.077485e+03	0.000000e+00	6.200000e+02	3.130292e+03	
4.410000e+02	3.908764e+03	3.908764e+03	0.000000e+00	5.940000e+02	3.137372e+03	
4.420000e+02	4.167898e+03	4.167898e+03	0.000000e+00	6.290000e+02	3.144636e+03	
4.430000e+02	3.970644e+03	3.970644e+03	0.000000e+00	5.970000e+02	3.151992e+03	
4.440000e+02	4.126166e+03	4.126166e+03	0.000000e+00	6.040000e+02	3.159450e+03	
4.450000e+02	3.948883e+03	3.948883e+03	0.000000e+00	5.850000e+02	3.166903e+03	
4.460000e+02	3.892666e+03	3.892666e+03	0.000000e+00	6.010000e+02	3.174307e+03	
4.470000e+02	4.112618e+03	4.112618e+03	0.000000e+00	6.210000e+02	3.181767e+03	
4.480000e+02	3.841357e+03	3.841357e+03	0.000000e+00	5.770000e+02	3.189228e+03	
4.490000e+02	3.930694e+03	3.930694e+03	0.000000e+00	5.890000e+02	3.196708e+03	
4.500000e+02	3.983444e+03	3.983444e+03	0.000000e+00	5.960000e+02	3.204219e+03	
4.510000e+02	4.397127e+03	4.397127e+03	0.000000e+00	6.550000e+02	3.211775e+03	
4.520000e+02	3.989841e+03	3.989841e+03	0.000000e+00	6.080000e+02	3.219356e+03	
4.530000e+02	4.233529e+03	4.233529e+03	0.000000e+00	6.490000e+02	3.226847e+03	
4.540000e+02	3.982507e+03	3.982507e+03	0.000000e+00	6.030000e+02	3.234380e+03	
4.550000e+02	4.071987e+03	4.071987e+03	0.000000e+00	6.050000e+02	3.241913e+03	
4.560000e+02	3.957136e+03	3.957136e+03	0.000000e+00	5.850000e+02	3.249668e+03	
4.570000e+02	3.953723e+03	3.953723e+03	0.000000e+00	5.920000e+02	3.256695e+03	
4.580000e+02	3.935132e+03	3.935132e+03	0.000000e+00	5.920000e+02	3.263445e+03	
4.590000e+02	3.872883e+03	3.872883e+03	0.000000e+00	5.650000e+02	3.270312e+03	
4.600000e+02	4.020720e+03	4.020720e+03	0.000000e+00	5.990000e+02	3.277248e+03	
4.610000e+02	3.797794e+03	3.797794e+03	0.000000e+00	5.760000e+02	3.284343e+03	
4.620000e+02	4.274039e+03	4.274039e+03	0.000000e+00	6.370000e+02	3.291597e+03	
4.630000e+02	4.189647e+03	4.189647e+03	0.000000e+00	6.280000e+02	3.298963e+03	
4.640000e+02	4.017573e+03	4.017573e+03	0.000000e+00	5.920000e+02	3.306628e+03	
4.650000e+02	4.035048e+03	4.035048e+03	0.000000e+00	6.020000e+02	3.313388e+03	
4.660000e+02	3.960061e+03	3.960061e+03	0.000000e+00	5.860000e+02	3.320204e+03	
4.670000e+02	3.828998e+03	3.828998e+03	0.000000e+00	5.720000e+02	3.327327e+03	
4.680000e+02	3.789951e+03	3.789951e+03	0.000000e+00	5.670000e+02	3.334459e+03	
4.690000e+02	3.815742e+03	3.815742e+03	0.000000e+00	5.620000e+02	3.341757e+03	
4.700000e+02	3.960222e+03	3.960222e+03	0.000000e+00	5.810000e+02	3.349146e+03	
4.710000e+02	4.005612e+03	4.005612e+03	0.000000e+00	5.960000e+02	3.356540e+03	
4.720000e+02	4.234595e+03	4.234595e+03	0.000000e+00	6.250000e+02	3.363764e+03	
4.730000e+02	4.132913e+03	4.132913e+03	0.000000e+00	6.160000e+02	3.370716e+03	
4.740000e+02	3.969713e+03	3.969713e+03	0.000000e+00	6.050000e+02	3.377518e+03	
4.750000e+02	3.771143e+03	3.771143e+03	0.000000e+00	5.720000e+02	3.384437e+03	
4.760000e+02	4.202032e+03	4.202032e+03	0.000000e+00	6.250000e+02	3.391613e+03	
4.770000e+02	4.035566e+03	4.035566e+03	0.000000e+00	5.930000e+02	3.398862e+03	
4.780000e+02	4.115983e+03	4.115983e+03	0.000000e+00	6.060000e+02	3.406213e+03	
4.790000e+02	3.936929e+03	3.936929e+03	0.000000e+00	5.980000e+02	3.413645e+03	
4.800000e+02	4.064650e+03	4.064650e+03	0.000000e+00	6.100000e+02	3.421108e+03	
4.810000e+02	4.268408e+03	4.268408e+03	0.000000e+00	6.320000e+02	3.428598e+03	
4.820000e+02	4.036652e+03	4.036652e+03	0.000000e+00	5.950000e+02	3.436090e+03	
4.830000e+02	3.938227e+03	3.938227e+03	0.000000e+00	5.870000e+02	3.443537e+03	
4.840000e+02	4.127524e+03	4.127524e+03	0.000000e+00	6.200000e+02	3.451202e+03	
4.850000e+02	4.184203e+03	4.184203e+03	0.000000e+00	6.290000e+02	3.457475e+03	
4.860000e+02	4.002045e+03	4.002045e+03	0.000000e+00	6.080000e+02	3.463762e+03	
4.870000e+02	3.980773e+03	3.980773e+03	0.000000e+00	5.880000e+02	3.472026e+03	
4.880000e+02	4.058865e+03	4.058865e+03	0.000000e+00	6.030000e+02	3.480270e+03	
4.890000e+02	4.038756e+03	4.038756e+03	0.000000e+00	5.920000e+02	3.487110e+03	
4.900000e+02	4.146605e+03	4.146605e+03	0.000000e+00	6.190000e+02	3.494076e+03	
4.910000e+02	3.988703e+03	3.988703e+03	0.000000e+00	6.030000e+02	3.501195e+03	
4.920000e+02	3.902962e+03	3.902962e+03	0.000000e+00	5.890000e+02	3.508442e+03	
4.930000e+02	4.061177e+03	4.061177e+03	0.000000e+00	6.160000e+02	3.515827e+03	
4.940000e+02	4.149982e+03	4.149982e+03	0.000000e+00	6.270000e+02	3.523249e+03	
4.950000e+02	4.161883e+03	4.161883e+03	0.000000e+00	6.250000e+02	3.530688e+03	
4.960000e+02	3.986713e+03	3.986713e+03	0.000000e+00	5.860000e+02	3.538126e+03	
4.970000e+02	3.903394e+03	3.903394e+03	0.000000e+00	5.700000e+02	3.545589e+03	
4.980000e+02	3.979405e+03	3.979405e+03	0.000000e+00	6.020000e+02	3.553027e+03	
4.990000e+02	3.984164e+03	3.984164e+03	0.000000e+00	5.960000e+02	3.560708e+03	
