9.990000000000000000e+02 0.000000000000000000e+00
1.009000000000000000e+03 2.590072817172821562e-01
1.019000000000000000e+03 4.878290742985629258e-01
1.029000000000000000e+03 7.239964401947533990e-01
1.039000000000000000e+03 9.543430652074471610e-01
1.049000000000000000e+03 1.197876620096280043e+00
1.059000000000000000e+03 1.436365246757379088e+00
1.069000000000000000e+03 1.674658227996138837e+00
1.079000000000000000e+03 1.894760599382997457e+00
1.089000000000000000e+03 2.142111284762546752e+00
1.099000000000000000e+03 2.327723508169401878e+00
1.109000000000000000e+03 2.510468017594472911e+00
1.119000000000000000e+03 2.735169463224448982e+00
1.129000000000000000e+03 2.944599260885641723e+00
1.139000000000000000e+03 3.147449328792833345e+00
1.149000000000000000e+03 3.359642621320600320e+00
1.159000000000000000e+03 3.546601861006200007e+00
1.169000000000000000e+03 3.812373747471397678e+00
1.179000000000000000e+03 4.059998673225031496e+00
1.189000000000000000e+03 4.229168839959705828e+00
1.199000000000000000e+03 4.461851781312040188e+00
1.209000000000000000e+03 4.629539874479965178e+00
1.219000000000000000e+03 4.867973419147805458e+00
1.229000000000000000e+03 5.086109949842569478e+00
1.239000000000000000e+03 5.290130059578164179e+00
1.249000000000000000e+03 5.459070977962240612e+00
1.259000000000000000e+03 5.671580420044377568e+00
1.269000000000000000e+03 5.901043571604520643e+00
1.279000000000000000e+03 6.181976402789369551e+00
1.289000000000000000e+03 6.531620461373194075e+00
1.299000000000000000e+03 6.670772184223867640e+00
1.309000000000000000e+03 6.846596258191598672e+00
1.319000000000000000e+03 6.999602755164895385e+00
1.329000000000000000e+03 7.245337187017619307e+00
1.339000000000000000e+03 7.429640551298156481e+00
1.349000000000000000e+03 7.737275541864439887e+00
1.359000000000000000e+03 7.935834786520096884e+00
1.369000000000000000e+03 8.150929497447357619e+00
1.379000000000000000e+03 8.368676653822337386e+00
1.389000000000000000e+03 8.578462022988885494e+00
1.399000000000000000e+03 8.835655851920646953e+00
1.409000000000000000e+03 9.176266384560607392e+00
1.419000000000000000e+03 9.439367494955195781e+00
1.429000000000000000e+03 9.686456657122112901e+00
1.439000000000000000e+03 9.914860199720228806e+00
1.449000000000000000e+03 1.017143380423551591e+01
1.459000000000000000e+03 1.043064999499485701e+01
1.469000000000000000e+03 1.053042471574117833e+01
1.479000000000000000e+03 1.080303568782870371e+01
1.489000000000000000e+03 1.108750871360950363e+01
1.499000000000000000e+03 1.138776688709861951e+01
1.509000000000000000e+03 1.163350961328046829e+01
1.519000000000000000e+03 1.175603331824221698e+01
1.529000000000000000e+03 1.201676256912479701e+01
1.539000000000000000e+03 1.226201361778409549e+01
1.549000000000000000e+03 1.244604043021134743e+01
1.559000000000000000e+03 1.269392684153033635e+01
1.569000000000000000e+03 1.286591050776650214e+01
1.579000000000000000e+03 1.307845813552582825e+01
1.589000000000000000e+03 1.326937163571307288e+01
1.599000000000000000e+03 1.341670921599767219e+01
1.609000000000000000e+03 1.358953810064907053e+01
1.619000000000000000e+03 1.385101141186103924e+01
1.629000000000000000e+03 1.405053678980421061e+01
1.639000000000000000e+03 1.426139826391975696e+01
1.649000000000000000e+03 1.443549030632808083e+01
1.659000000000000000e+03 1.468242829224611157e+01
1.669000000000000000e+03 1.497936562760136248e+01
1.679000000000000000e+03 1.513322887084023982e+01
1.689000000000000000e+03 1.545938379240633687e+01
1.699000000000000000e+03 1.583134884721794755e+01
1.709000000000000000e+03 1.605138904540372025e+01
1.719000000000000000e+03 1.630035568384284872e+01
1.729000000000000000e+03 1.652724960354141359e+01
1.739000000000000000e+03 1.687610412731723031e+01
1.749000000000000000e+03 1.714863257394486595e+01
1.759000000000000000e+03 1.733855544884110245e+01
1.769000000000000000e+03 1.759381008460107765e+01
1.779000000000000000e+03 1.774937134119904414e+01
1.789000000000000000e+03 1.804333274383603580e+01
1.799000000000000000e+03 1.832896206764418068e+01
1.809000000000000000e+03 1.847831031518289180e+01
1.819000000000000000e+03 1.868427368899980578e+01
1.829000000000000000e+03 1.880397635480522567e+01
1.839000000000000000e+03 1.915910490291423329e+01
1.849000000000000000e+03 1.942016081567502894e+01
1.859000000000000000e+03 1.963742593580566265e+01
1.869000000000000000e+03 1.979748846127503725e+01
1.879000000000000000e+03 1.997748045875517775e+01
1.889000000000000000e+03 2.018452746623276894e+01
1.899000000000000000e+03 2.034169875081404655e+01
1.909000000000000000e+03 2.060868600535625461e+01
1.919000000000000000e+03 2.083932170471962309e+01
1.929000000000000000e+03 2.111441837259389587e+01
1.939000000000000000e+03 2.150442774008640612e+01
1.949000000000000000e+03 2.167125987798377906e+01
1.959000000000000000e+03 2.202231184087146687e+01
1.969000000000000000e+03 2.214509253822298973e+01
1.979000000000000000e+03 2.236621968641765434e+01
1.989000000000000000e+03 2.264472811136538510e+01
1.999000000000000000e+03 2.276585466557557069e+01
2.009000000000000000e+03 2.303015068319846037e+01
2.019000000000000000e+03 2.310964628746832972e+01
2.029000000000000000e+03 2.338296015521395432e+01
2.039000000000000000e+03 2.361852385679940269e+01
2.049000000000000000e+03 2.397780725669818835e+01
2.059000000000000000e+03 2.420723210729342867e+01
2.069000000000000000e+03 2.450587649547619762e+01
2.079000000000000000e+03 2.475439592737949823e+01
2.089000000000000000e+03 2.490968604832641375e+01
2.099000000000000000e+03 2.502664851442090566e+01
2.109000000000000000e+03 2.527925915250678202e+01
2.119000000000000000e+03 2.553634772555893662e+01
2.129000000000000000e+03 2.579677343160317804e+01
2.139000000000000000e+03 2.615343162179614112e+01
2.149000000000000000e+03 2.646731195942212267e+01
2.159000000000000000e+03 2.677085358003418136e+01
2.169000000000000000e+03 2.704298317720135358e+01
2.179000000000000000e+03 2.732876053465200528e+01
2.189000000000000000e+03 2.770044029216023063e+01
2.199000000000000000e+03 2.777228249284464567e+01
2.209000000000000000e+03 2.782642884549142082e+01
2.219000000000000000e+03 2.803397812125227162e+01
2.229000000000000000e+03 2.822991571248579490e+01
2.239000000000000000e+03 2.851921278081172062e+01
2.249000000000000000e+03 2.877639691114246645e+01
2.259000000000000000e+03 2.904850155721335980e+01
2.269000000000000000e+03 2.917698635979173716e+01
2.279000000000000000e+03 2.929767529882839838e+01
2.289000000000000000e+03 2.925747678910768457e+01
2.299000000000000000e+03 2.954823713551068565e+01
2.309000000000000000e+03 2.978353508328559229e+01
2.319000000000000000e+03 3.003493816036175090e+01
2.329000000000000000e+03 3.039134989939575249e+01
2.339000000000000000e+03 3.090208847922594515e+01
2.349000000000000000e+03 3.113020561557327071e+01
2.359000000000000000e+03 3.128379947922316973e+01
2.369000000000000000e+03 3.155005959614827304e+01
2.379000000000000000e+03 3.168360139727464642e+01
2.389000000000000000e+03 3.205960957329942573e+01
2.399000000000000000e+03 3.230987444196468772e+01
2.409000000000000000e+03 3.235520853049861500e+01
2.419000000000000000e+03 3.269090830529527381e+01
2.429000000000000000e+03 3.296058097001863985e+01
2.439000000000000000e+03 3.308900753791588301e+01
2.449000000000000000e+03 3.323663610336340213e+01
2.459000000000000000e+03 3.351214750632713901e+01
2.469000000000000000e+03 3.368876169969097134e+01
2.479000000000000000e+03 3.393970661064525274e+01
2.489000000000000000e+03 3.417866452471772476e+01
2.499000000000000000e+03 3.454631761332123574e+01
2.509000000000000000e+03 3.495769901276724312e+01
2.519000000000000000e+03 3.532642559868182985e+01
2.529000000000000000e+03 3.562707903653803498e+01
2.539000000000000000e+03 3.573832026094022041e+01
2.549000000000000000e+03 3.603363327873072564e+01
2.559000000000000000e+03 3.622379639423697739e+01
2.569000000000000000e+03 3.666374126153053936e+01
2.579000000000000000e+03 3.691509431894964166e+01
2.589000000000000000e+03 3.720838121111793129e+01
2.599000000000000000e+03 3.757194448095632566e+01
2.609000000000000000e+03 3.762872276196274868e+01
2.619000000000000000e+03 3.788662861385051173e+01
2.629000000000000000e+03 3.798957735989078088e+01
2.639000000000000000e+03 3.821485118357307442e+01
2.649000000000000000e+03 3.855667122706771011e+01
2.659000000000000000e+03 3.868467483577940413e+01
2.669000000000000000e+03 3.876876987980324429e+01
2.679000000000000000e+03 3.896137619362770721e+01
2.689000000000000000e+03 3.924370744297088009e+01
2.699000000000000000e+03 3.950873570650680477e+01
2.709000000000000000e+03 3.965654286986956123e+01
2.719000000000000000e+03 3.977609607825947080e+01
2.729000000000000000e+03 3.997350167638084883e+01
2.739000000000000000e+03 4.021232789476700020e+01
2.749000000000000000e+03 4.046388639672147036e+01
2.759000000000000000e+03 4.075573607538252929e+01
2.769000000000000000e+03 4.105202166802072128e+01
2.779000000000000000e+03 4.128630096991819443e+01
2.789000000000000000e+03 4.150399675748113992e+01
2.799000000000000000e+03 4.190463283432480068e+01
2.809000000000000000e+03 4.205878254230955093e+01
2.819000000000000000e+03 4.199902990197380603e+01
2.829000000000000000e+03 4.229854529261464791e+01
2.839000000000000000e+03 4.254761606108655059e+01
2.849000000000000000e+03 4.292244567886798023e+01
2.859000000000000000e+03 4.288330310215788188e+01
2.869000000000000000e+03 4.300682431849691767e+01
2.879000000000000000e+03 4.314250690072164218e+01
2.889000000000000000e+03 4.349435585693419171e+01
2.899000000000000000e+03 4.377649083636173089e+01
2.909000000000000000e+03 4.401825157069197303e+01
2.919000000000000000e+03 4.414959434173435682e+01
2.929000000000000000e+03 4.418769417124222088e+01
2.939000000000000000e+03 4.445167147735735824e+01
2.949000000000000000e+03 4.455566833988758191e+01
2.959000000000000000e+03 4.474552727067467117e+01
2.969000000000000000e+03 4.498550157005929151e+01
2.979000000000000000e+03 4.520407259776720110e+01
2.989000000000000000e+03 4.549029286248538995e+01
2.999000000000000000e+03 4.571901206611298107e+01
3.009000000000000000e+03 4.587526917507098290e+01
3.019000000000000000e+03 4.625302652199107456e+01
3.029000000000000000e+03 4.648280192919500564e+01
3.039000000000000000e+03 4.666238083879034093e+01
3.049000000000000000e+03 4.686946477588702464e+01
3.059000000000000000e+03 4.704211280200002676e+01
3.069000000000000000e+03 4.736569977150903554e+01
3.079000000000000000e+03 4.736705022174251667e+01
3.089000000000000000e+03 4.764671190231995723e+01
3.099000000000000000e+03 4.755576393208249897e+01
3.109000000000000000e+03 4.767563996939560411e+01
3.119000000000000000e+03 4.802445815200847079e+01
3.129000000000000000e+03 4.831495208853242218e+01
3.139000000000000000e+03 4.851763078939548990e+01
3.149000000000000000e+03 4.883950723073825628e+01
3.159000000000000000e+03 4.913199204988717383e+01
3.169000000000000000e+03 4.919811117603440920e+01
3.179000000000000000e+03 4.945463715029205787e+01
3.189000000000000000e+03 4.977461806217565510e+01
3.199000000000000000e+03 4.998561656706915102e+01
3.209000000000000000e+03 5.043572394992870045e+01
3.219000000000000000e+03 5.071720278437165774e+01
3.229000000000000000e+03 5.062315111699792425e+01
3.239000000000000000e+03 5.079020489070010314e+01
3.249000000000000000e+03 5.128908215187330200e+01
3.259000000000000000e+03 5.146137144896157167e+01
3.269000000000000000e+03 5.157408588546278594e+01
3.279000000000000000e+03 5.185992500698600338e+01
3.289000000000000000e+03 5.213425802300934464e+01
3.299000000000000000e+03 5.222513202634301877e+01
3.309000000000000000e+03 5.232029087402847267e+01
3.319000000000000000e+03 5.250522211136620143e+01
3.329000000000000000e+03 5.290536647619612154e+01
3.339000000000000000e+03 5.308384549910023509e+01
3.349000000000000000e+03 5.331698229736707617e+01
3.359000000000000000e+03 5.361865729920560852e+01
3.369000000000000000e+03 5.382377337614718726e+01
3.379000000000000000e+03 5.398795115394985800e+01
3.389000000000000000e+03 5.415324208002012796e+01
3.399000000000000000e+03 5.432272869779629332e+01
3.409000000000000000e+03 5.457288449693625410e+01
3.419000000000000000e+03 5.467273921762294719e+01
3.429000000000000000e+03 5.507498443333560090e+01
3.439000000000000000e+03 5.513404073189907706e+01
3.449000000000000000e+03 5.524963488687537705e+01
3.459000000000000000e+03 5.560049018392094666e+01
3.469000000000000000e+03 5.585209745565484241e+01
3.479000000000000000e+03 5.611441569471640634e+01
3.489000000000000000e+03 5.644751821771937017e+01
3.499000000000000000e+03 5.675330271645653113e+01
3.509000000000000000e+03 5.689501144331281779e+01
3.519000000000000000e+03 5.716154725067105602e+01
3.529000000000000000e+03 5.767985651429712135e+01
3.539000000000000000e+03 5.794687507683924821e+01
3.549000000000000000e+03 5.827343482516612738e+01
3.559000000000000000e+03 5.839665698580969178e+01
3.569000000000000000e+03 5.851528606210716532e+01
3.579000000000000000e+03 5.862052513099747131e+01
3.589000000000000000e+03 5.914181335467186784e+01
3.599000000000000000e+03 5.913025980138840509e+01
3.609000000000000000e+03 5.929938965866365663e+01
3.619000000000000000e+03 5.977270163451031237e+01
3.629000000000000000e+03 5.997307151686640481e+01
3.639000000000000000e+03 6.029485702835616934e+01
3.649000000000000000e+03 6.066462295303582408e+01
3.659000000000000000e+03 6.077536329711652741e+01
3.669000000000000000e+03 6.089607132235610720e+01
3.679000000000000000e+03 6.100525245333685120e+01
3.689000000000000000e+03 6.125395593092216018e+01
3.699000000000000000e+03 6.167950388853851962e+01
3.709000000000000000e+03 6.204544550495179323e+01
3.719000000000000000e+03 6.235607601226853092e+01
3.729000000000000000e+03 6.258832483106201039e+01
3.739000000000000000e+03 6.283733901857566906e+01
3.749000000000000000e+03 6.321178259156111778e+01
3.759000000000000000e+03 6.361491652305770828e+01
3.769000000000000000e+03 6.362411793408681859e+01
3.779000000000000000e+03 6.389486905738919376e+01
3.789000000000000000e+03 6.411778326418426843e+01
3.799000000000000000e+03 6.417738160947179438e+01
3.809000000000000000e+03 6.432685308270865221e+01
3.819000000000000000e+03 6.434814550995776017e+01
3.829000000000000000e+03 6.500014125369496298e+01
3.839000000000000000e+03 6.512419100655262127e+01
3.849000000000000000e+03 6.507860289592686343e+01
3.859000000000000000e+03 6.525731057966808635e+01
3.869000000000000000e+03 6.559992821715614753e+01
3.879000000000000000e+03 6.582673860562569246e+01
3.889000000000000000e+03 6.589406113117773600e+01
3.899000000000000000e+03 6.637492470392601263e+01
3.909000000000000000e+03 6.667327718224935040e+01
3.919000000000000000e+03 6.695320593919709040e+01
3.929000000000000000e+03 6.700462817298014784e+01
3.939000000000000000e+03 6.721706539012340897e+01
3.949000000000000000e+03 6.725620440289138458e+01
3.959000000000000000e+03 6.769843165089868364e+01
3.969000000000000000e+03 6.790563638919731204e+01
3.979000000000000000e+03 6.802144185254871900e+01
3.989000000000000000e+03 6.826730851515905840e+01
3.999000000000000000e+03 6.844463502826992851e+01
4.009000000000000000e+03 6.868157317341015755e+01
4.019000000000000000e+03 6.888434373828019375e+01
4.029000000000000000e+03 6.915456355554898948e+01
4.039000000000000000e+03 6.957451158635399224e+01
4.049000000000000000e+03 6.995507613817457582e+01
4.059000000000000000e+03 6.998006140872757896e+01
4.069000000000000000e+03 7.027357295713082408e+01
4.079000000000000000e+03 7.060847828209702470e+01
4.089000000000000000e+03 7.095307348348347887e+01
4.099000000000000000e+03 7.101441620284320777e+01
4.109000000000000000e+03 7.108729155894167206e+01
4.119000000000000000e+03 7.134829127212887556e+01
4.129000000000000000e+03 7.186293966051678694e+01
4.139000000000000000e+03 7.172912402334343085e+01
4.149000000000000000e+03 7.200627716946401335e+01
4.159000000000000000e+03 7.232000984215565609e+01
4.169000000000000000e+03 7.250614364128931300e+01
4.179000000000000000e+03 7.283946816165041582e+01
4.189000000000000000e+03 7.324915804859233504e+01
4.199000000000000000e+03 7.328766837795973288e+01
4.209000000000000000e+03 7.343747762176221272e+01
4.219000000000000000e+03 7.343079355857260282e+01
4.229000000000000000e+03 7.335657784743050058e+01
4.239000000000000000e+03 7.364719531181290790e+01
4.249000000000000000e+03 7.387086198292917061e+01
4.259000000000000000e+03 7.409107229455503330e+01
4.269000000000000000e+03 7.443893802507663793e+01
4.279000000000000000e+03 7.475809382026289995e+01
4.289000000000000000e+03 7.477057329747718484e+01
4.299000000000000000e+03 7.511654850440942255e+01
4.309000000000000000e+03 7.523154914062685350e+01
4.319000000000000000e+03 7.544083968395528927e+01
4.329000000000000000e+03 7.537511287132967652e+01
4.339000000000000000e+03 7.575070881441942561e+01
4.349000000000000000e+03 7.618711303736226625e+01
4.359000000000000000e+03 7.636222936940409056e+01
4.369000000000000000e+03 7.663666622808848672e+01
4.379000000000000000e+03 7.655619380814327712e+01
4.389000000000000000e+03 7.691810189464092673e+01
4.399000000000000000e+03 7.710715369747263992e+01
4.409000000000000000e+03 7.741655739241905110e+01
4.419000000000000000e+03 7.789685935933790972e+01
4.429000000000000000e+03 7.793969809127946746e+01
4.439000000000000000e+03 7.825862069426194978e+01
4.449000000000000000e+03 7.827517357196754233e+01
4.459000000000000000e+03 7.841442200268905083e+01
4.469000000000000000e+03 7.866995391369634660e+01
4.479000000000000000e+03 7.882704499811838161e+01
4.489000000000000000e+03 7.873955797956398328e+01
4.499000000000000000e+03 7.883317209349542054e+01
4.509000000000000000e+03 7.867336721075952255e+01
4.519000000000000000e+03 7.893911975310761875e+01
4.529000000000000000e+03 7.929410575480301304e+01
4.539000000000000000e+03 7.941228120029505533e+01
4.549000000000000000e+03 7.965832710109879145e+01
4.559000000000000000e+03 7.979520675600126367e+01
4.569000000000000000e+03 7.969172096148511741e+01
4.579000000000000000e+03 7.993910020160731733e+01
4.589000000000000000e+03 8.027844099818450729e+01
4.599000000000000000e+03 8.080191185487369410e+01
4.609000000000000000e+03 8.106513318219916187e+01
4.619000000000000000e+03 8.137621598922103772e+01
4.629000000000000000e+03 8.157950157605458230e+01
4.639000000000000000e+03 8.187342143449475884e+01
4.649000000000000000e+03 8.205112695003838041e+01
4.659000000000000000e+03 8.240505359464253843e+01
4.669000000000000000e+03 8.279877532245686211e+01
4.679000000000000000e+03 8.303420378324705098e+01
4.689000000000000000e+03 8.309519741363308754e+01
4.699000000000000000e+03 8.352001476698275440e+01
4.709000000000000000e+03 8.337738116800022681e+01
4.719000000000000000e+03 8.369168784557466267e+01
4.729000000000000000e+03 8.363971783672593574e+01
4.739000000000000000e+03 8.367874538381343541e+01
4.749000000000000000e+03 8.401975140655740404e+01
4.759000000000000000e+03 8.419158519153501175e+01
4.769000000000000000e+03 8.431251986571413681e+01
4.779000000000000000e+03 8.439829913453905874e+01
4.789000000000000000e+03 8.462080670010965378e+01
4.799000000000000000e+03 8.493445010173370235e+01
4.809000000000000000e+03 8.537527787384530598e+01
4.819000000000000000e+03 8.557199839588807322e+01
4.829000000000000000e+03 8.567139836605277026e+01
4.839000000000000000e+03 8.622056390788728208e+01
4.849000000000000000e+03 8.637197306600502600e+01
4.859000000000000000e+03 8.664638372151989643e+01
4.869000000000000000e+03 8.697452288802216458e+01
4.879000000000000000e+03 8.695662875132006775e+01
4.889000000000000000e+03 8.715154089923262859e+01
4.899000000000000000e+03 8.688788872117298467e+01
4.909000000000000000e+03 8.720063605133042017e+01
4.919000000000000000e+03 8.736591565293767303e+01
4.929000000000000000e+03 8.734600390590421171e+01
4.939000000000000000e+03 8.799056769548920443e+01
4.949000000000000000e+03 8.801526691904098243e+01
4.959000000000000000e+03 8.866566325421466388e+01
4.969000000000000000e+03 8.860590234819217414e+01
4.979000000000000000e+03 8.914689199024550703e+01
4.989000000000000000e+03 8.933143263033851156e+01
4.999000000000000000e+03 8.946790408952976748e+01
5.009000000000000000e+03 8.958252935327945465e+01
5.019000000000000000e+03 8.984211075851193584e+01
5.029000000000000000e+03 8.990821007379368268e+01
5.039000000000000000e+03 9.008799771691714398e+01
5.049000000000000000e+03 9.019081480626476832e+01
5.059000000000000000e+03 9.037053828992721094e+01
5.069000000000000000e+03 9.069488142299647393e+01
5.079000000000000000e+03 9.079532660108677078e+01
5.089000000000000000e+03 9.092675629700592310e+01
5.099000000000000000e+03 9.138476146264136446e+01
5.109000000000000000e+03 9.183809952503098373e+01
5.119000000000000000e+03 9.219349733101701361e+01
5.129000000000000000e+03 9.241992051822464305e+01
5.139000000000000000e+03 9.294024990996082636e+01
5.149000000000000000e+03 9.311411979692877594e+01
5.159000000000000000e+03 9.320032468385420543e+01
5.169000000000000000e+03 9.351758580974276924e+01
5.179000000000000000e+03 9.412211024016689009e+01
5.189000000000000000e+03 9.443819328715224515e+01
5.199000000000000000e+03 9.465447008115401673e+01
5.209000000000000000e+03 9.478412406087633713e+01
5.219000000000000000e+03 9.517417435566116524e+01
5.229000000000000000e+03 9.538429021797298901e+01
5.239000000000000000e+03 9.533761956321986020e+01
5.249000000000000000e+03 9.568778561791333459e+01
5.259000000000000000e+03 9.596464355958768522e+01
5.269000000000000000e+03 9.659440031652570724e+01
5.279000000000000000e+03 9.653535778150437352e+01
5.289000000000000000e+03 9.670236501201476642e+01
5.299000000000000000e+03 9.704970440482243532e+01
5.309000000000000000e+03 9.753821772820981550e+01
5.319000000000000000e+03 9.771182175751302168e+01
5.329000000000000000e+03 9.780158032118592359e+01
5.339000000000000000e+03 9.757278658713745756e+01
5.349000000000000000e+03 9.782056647659422310e+01
5.359000000000000000e+03 9.799833821227117880e+01
5.369000000000000000e+03 9.780876436965540677e+01
5.379000000000000000e+03 9.777532562734465671e+01
5.389000000000000000e+03 9.836522703430864567e+01
5.399000000000000000e+03 9.854347668198793997e+01
5.409000000000000000e+03 9.891109838652657515e+01
5.419000000000000000e+03 9.920398799267549350e+01
5.429000000000000000e+03 9.967089545563496245e+01
5.439000000000000000e+03 9.975622525399960239e+01
5.449000000000000000e+03 9.985571510530083117e+01
5.459000000000000000e+03 1.001153767435574480e+02
5.469000000000000000e+03 1.004487063929716300e+02
5.479000000000000000e+03 1.006585836367908655e+02
5.489000000000000000e+03 1.009446964999176686e+02
5.499000000000000000e+03 1.013852616752853635e+02
5.509000000000000000e+03 1.010137234770164980e+02
5.519000000000000000e+03 1.014179364101905918e+02
5.529000000000000000e+03 1.014714722412396952e+02
5.539000000000000000e+03 1.018930779502825885e+02
5.549000000000000000e+03 1.020224289085880116e+02
5.559000000000000000e+03 1.023215527110649248e+02
5.569000000000000000e+03 1.022730409166850762e+02
5.579000000000000000e+03 1.023895675224656543e+02
5.589000000000000000e+03 1.025552164954586942e+02
5.599000000000000000e+03 1.025727039553222681e+02
5.609000000000000000e+03 1.030876265279235184e+02
5.619000000000000000e+03 1.034470221859780850e+02
5.629000000000000000e+03 1.038900748045983562e+02
5.639000000000000000e+03 1.043760987050237219e+02
5.649000000000000000e+03 1.045301206684278981e+02
5.659000000000000000e+03 1.047466620813217304e+02
5.669000000000000000e+03 1.050556908849223134e+02
5.679000000000000000e+03 1.053595141748530466e+02
5.689000000000000000e+03 1.057660328020374436e+02
5.699000000000000000e+03 1.063643913839771358e+02
5.709000000000000000e+03 1.063240102153363011e+02
5.719000000000000000e+03 1.065989577946859157e+02
5.729000000000000000e+03 1.064253253779446311e+02
5.739000000000000000e+03 1.066842989555844952e+02
5.749000000000000000e+03 1.066658117663663319e+02
5.759000000000000000e+03 1.066345619035999448e+02
5.769000000000000000e+03 1.071183751234794954e+02
5.779000000000000000e+03 1.072929850725963661e+02
5.789000000000000000e+03 1.078205568782959176e+02
5.799000000000000000e+03 1.078507372931665174e+02
5.809000000000000000e+03 1.081002245581941565e+02
5.819000000000000000e+03 1.082352328544677107e+02
5.829000000000000000e+03 1.082652132807525760e+02
5.839000000000000000e+03 1.079611738101479261e+02
5.849000000000000000e+03 1.083715255597742413e+02
5.859000000000000000e+03 1.082135177572934879e+02
5.869000000000000000e+03 1.084171145630957369e+02
5.879000000000000000e+03 1.088317411172331788e+02
5.889000000000000000e+03 1.090326273816227740e+02
5.899000000000000000e+03 1.093697728441485850e+02
5.909000000000000000e+03 1.095518006676721257e+02
5.919000000000000000e+03 1.100839673318901077e+02
5.929000000000000000e+03 1.103379798316706228e+02
5.939000000000000000e+03 1.106602455393311573e+02
5.949000000000000000e+03 1.108742909235275391e+02
5.959000000000000000e+03 1.117182798323434127e+02
5.969000000000000000e+03 1.120447783713887304e+02
5.979000000000000000e+03 1.125751553680342454e+02
5.989000000000000000e+03 1.129585728758250696e+02
5.999000000000000000e+03 1.131305077229894920e+02
6.009000000000000000e+03 1.136633931604296492e+02
6.019000000000000000e+03 1.134336173878601528e+02
6.029000000000000000e+03 1.135922415428180017e+02
6.039000000000000000e+03 1.140146563803321555e+02
6.049000000000000000e+03 1.140493880735173207e+02
6.059000000000000000e+03 1.142648870928139786e+02
6.069000000000000000e+03 1.148958126659998698e+02
6.079000000000000000e+03 1.154383995743869065e+02
6.089000000000000000e+03 1.155281818078982923e+02
6.099000000000000000e+03 1.157621386574419660e+02
6.109000000000000000e+03 1.159855182128037256e+02
6.119000000000000000e+03 1.167107674451012116e+02
6.129000000000000000e+03 1.166989432718323627e+02
6.139000000000000000e+03 1.167430530204619856e+02
6.149000000000000000e+03 1.167330229249234037e+02
6.159000000000000000e+03 1.169945184519697392e+02
6.169000000000000000e+03 1.171530377632389985e+02
6.179000000000000000e+03 1.175882451417637782e+02
6.189000000000000000e+03 1.180461835153055574e+02
6.199000000000000000e+03 1.182645308687792181e+02
6.209000000000000000e+03 1.186310785413429585e+02
6.219000000000000000e+03 1.186984707046879919e+02
6.229000000000000000e+03 1.186721771200797946e+02
6.239000000000000000e+03 1.187992301991090329e+02
6.249000000000000000e+03 1.191053298016492477e+02
6.259000000000000000e+03 1.189166831731161977e+02
6.269000000000000000e+03 1.191947290574479297e+02
6.279000000000000000e+03 1.193766678661640839e+02
6.289000000000000000e+03 1.195892481421774818e+02
6.299000000000000000e+03 1.197789499135135429e+02
6.309000000000000000e+03 1.201667013619480713e+02
6.319000000000000000e+03 1.201676914959307680e+02
6.329000000000000000e+03 1.206559036996224421e+02
6.339000000000000000e+03 1.211829084869307138e+02
6.349000000000000000e+03 1.212788544174205043e+02
6.359000000000000000e+03 1.212142075081196566e+02
6.369000000000000000e+03 1.212412370158131552e+02
6.379000000000000000e+03 1.212981467965854989e+02
6.389000000000000000e+03 1.216605387631896491e+02
6.399000000000000000e+03 1.215563824683156327e+02
6.409000000000000000e+03 1.216878957996164132e+02
6.419000000000000000e+03 1.223098072490376182e+02
6.429000000000000000e+03 1.225180543458141642e+02
6.439000000000000000e+03 1.228105772425997060e+02
6.449000000000000000e+03 1.231854834441296163e+02
6.459000000000000000e+03 1.234854589350125167e+02
6.469000000000000000e+03 1.231010711808557829e+02
6.479000000000000000e+03 1.231210845944770114e+02
6.489000000000000000e+03 1.233224450940635961e+02
6.499000000000000000e+03 1.233538640098627752e+02
6.509000000000000000e+03 1.236322406357746644e+02
6.519000000000000000e+03 1.239058970602831522e+02
6.529000000000000000e+03 1.235610033477120879e+02
6.539000000000000000e+03 1.238109288998313531e+02
6.549000000000000000e+03 1.241676127020624278e+02
6.559000000000000000e+03 1.245768986900681909e+02
6.569000000000000000e+03 1.249336076312316806e+02
6.579000000000000000e+03 1.251478425399161267e+02
6.589000000000000000e+03 1.251393575082668832e+02
6.599000000000000000e+03 1.256620180910069422e+02
6.609000000000000000e+03 1.258983701276465155e+02
6.619000000000000000e+03 1.261035248136514042e+02
6.629000000000000000e+03 1.266240941135634301e+02
6.639000000000000000e+03 1.266091371516252480e+02
6.649000000000000000e+03 1.266691972145878111e+02
6.659000000000000000e+03 1.268368684330602889e+02
6.669000000000000000e+03 1.270056424030548499e+02
6.679000000000000000e+03 1.275653167063777857e+02
6.689000000000000000e+03 1.275524261507937354e+02
6.699000000000000000e+03 1.280511583606442230e+02
6.709000000000000000e+03 1.281451449885173872e+02
6.719000000000000000e+03 1.288894870103899564e+02
6.729000000000000000e+03 1.292164738590639956e+02
6.739000000000000000e+03 1.289495237771442362e+02
6.749000000000000000e+03 1.289778648038562778e+02
6.759000000000000000e+03 1.293471121902277901e+02
6.769000000000000000e+03 1.296432473445597680e+02
6.779000000000000000e+03 1.302303699504938947e+02
6.789000000000000000e+03 1.304984665496605771e+02
6.799000000000000000e+03 1.304766387513886343e+02
6.809000000000000000e+03 1.305314146276040219e+02
6.819000000000000000e+03 1.309619620251205561e+02
6.829000000000000000e+03 1.313559758635830974e+02
6.839000000000000000e+03 1.321336175889534275e+02
6.849000000000000000e+03 1.322420985178419528e+02
6.859000000000000000e+03 1.326644918598210268e+02
6.869000000000000000e+03 1.329362944099354138e+02
6.879000000000000000e+03 1.332412281997478090e+02
6.889000000000000000e+03 1.335098410250571135e+02
6.899000000000000000e+03 1.332730424572440882e+02
6.909000000000000000e+03 1.333461719978828626e+02
6.919000000000000000e+03 1.334005939881670884e+02
6.929000000000000000e+03 1.331514301767124095e+02
6.939000000000000000e+03 1.328967213512914896e+02
6.949000000000000000e+03 1.330184358697264599e+02
6.959000000000000000e+03 1.335151377833524577e+02
6.969000000000000000e+03 1.339840323180087296e+02
6.979000000000000000e+03 1.345948313366075979e+02
6.989000000000000000e+03 1.346662051922697856e+02
6.999000000000000000e+03 1.347132480178420053e+02
7.009000000000000000e+03 1.349907462493771106e+02
7.019000000000000000e+03 1.351265609909225702e+02
7.029000000000000000e+03 1.352902116664695882e+02
7.039000000000000000e+03 1.354011346696449323e+02
7.049000000000000000e+03 1.354839839408231228e+02
7.059000000000000000e+03 1.358328176207038496e+02
7.069000000000000000e+03 1.358770511930595148e+02
7.079000000000000000e+03 1.358198159536409833e+02
7.089000000000000000e+03 1.363345799200139368e+02
7.099000000000000000e+03 1.366241418681021571e+02
7.109000000000000000e+03 1.368785471100705138e+02
7.119000000000000000e+03 1.372323484571021197e+02
7.129000000000000000e+03 1.373985612140612886e+02
7.139000000000000000e+03 1.376818122489504503e+02
7.149000000000000000e+03 1.378221466431240287e+02
7.159000000000000000e+03 1.376120260280551122e+02
7.169000000000000000e+03 1.377600210914147283e+02
7.179000000000000000e+03 1.380780581861711767e+02
7.189000000000000000e+03 1.384494468696220508e+02
7.199000000000000000e+03 1.384858047488860677e+02
7.209000000000000000e+03 1.386447397831257433e+02
7.219000000000000000e+03 1.389999197121564976e+02
7.229000000000000000e+03 1.393541846014590817e+02
7.239000000000000000e+03 1.396242094674974794e+02
7.249000000000000000e+03 1.403544684856235278e+02
7.259000000000000000e+03 1.402834835911580171e+02
7.269000000000000000e+03 1.407876523112686868e+02
7.279000000000000000e+03 1.414340120711942745e+02
7.289000000000000000e+03 1.416049001189902015e+02
7.299000000000000000e+03 1.418840800381392739e+02
7.309000000000000000e+03 1.420099202479261749e+02
7.319000000000000000e+03 1.425418496799956358e+02
7.329000000000000000e+03 1.426199301819779350e+02
7.339000000000000000e+03 1.426151370495976494e+02
7.349000000000000000e+03 1.425079205912500697e+02
7.359000000000000000e+03 1.426149109737062872e+02
7.369000000000000000e+03 1.426932404890631858e+02
7.379000000000000000e+03 1.427889321076287672e+02
7.389000000000000000e+03 1.432353762515329549e+02
7.399000000000000000e+03 1.433763880624015030e+02
7.409000000000000000e+03 1.434765218392384725e+02
7.419000000000000000e+03 1.438543604552590125e+02
7.429000000000000000e+03 1.438438959628306577e+02
7.439000000000000000e+03 1.438017539313887596e+02
7.449000000000000000e+03 1.441780330558541152e+02
7.459000000000000000e+03 1.447983533818819240e+02
7.469000000000000000e+03 1.448558430348902561e+02
7.479000000000000000e+03 1.451711940390018185e+02
7.489000000000000000e+03 1.454605326359048263e+02
7.499000000000000000e+03 1.454662862374294434e+02
7.509000000000000000e+03 1.453590255286577246e+02
7.519000000000000000e+03 1.455420707117783934e+02
7.529000000000000000e+03 1.459362460001767374e+02
7.539000000000000000e+03 1.464566224021120036e+02
7.549000000000000000e+03 1.463929475930963520e+02
7.559000000000000000e+03 1.466327594322391974e+02
7.569000000000000000e+03 1.464064026951872961e+02
7.579000000000000000e+03 1.465419520985721249e+02
7.589000000000000000e+03 1.467827680373606256e+02
7.599000000000000000e+03 1.471280247862136434e+02
7.609000000000000000e+03 1.477341625994510252e+02
7.619000000000000000e+03 1.477941367013277443e+02
7.629000000000000000e+03 1.481747782705400311e+02
7.639000000000000000e+03 1.484521289780983011e+02
7.649000000000000000e+03 1.485454378194708625e+02
7.659000000000000000e+03 1.484604785553078443e+02
7.669000000000000000e+03 1.488537161973814591e+02
7.679000000000000000e+03 1.490544967140069446e+02
7.689000000000000000e+03 1.493473065463555258e+02
7.699000000000000000e+03 1.498726855463611400e+02
7.709000000000000000e+03 1.502430234276247347e+02
7.719000000000000000e+03 1.505164774800282146e+02
7.729000000000000000e+03 1.505133761220909605e+02
7.739000000000000000e+03 1.505237827314082608e+02
7.749000000000000000e+03 1.507121687978091131e+02
7.759000000000000000e+03 1.513574725583841598e+02
7.769000000000000000e+03 1.516425003775262041e+02
7.779000000000000000e+03 1.518193708539363058e+02
7.789000000000000000e+03 1.521074623204379748e+02
7.799000000000000000e+03 1.524380931268535448e+02
7.809000000000000000e+03 1.529190604055852134e+02
7.819000000000000000e+03 1.530869855205242231e+02
7.829000000000000000e+03 1.528513179423451618e+02
7.839000000000000000e+03 1.532449590425440817e+02
7.849000000000000000e+03 1.533388133097359969e+02
7.859000000000000000e+03 1.537700087514983522e+02
7.869000000000000000e+03 1.542135123600184841e+02
7.879000000000000000e+03 1.543176418469749933e+02
7.889000000000000000e+03 1.547076118027639495e+02
7.899000000000000000e+03 1.552364013164774406e+02
7.909000000000000000e+03 1.555393052463280128e+02
7.919000000000000000e+03 1.561771572348471864e+02
7.929000000000000000e+03 1.563997629237133822e+02
7.939000000000000000e+03 1.561545894596021640e+02
7.949000000000000000e+03 1.563525882157721298e+02
7.959000000000000000e+03 1.565658565681829373e+02
7.969000000000000000e+03 1.569653289709839896e+02
7.979000000000000000e+03 1.572219820649957569e+02
7.989000000000000000e+03 1.573591478953233036e+02
7.999000000000000000e+03 1.575778163472990059e+02
8.009000000000000000e+03 1.579945144371623655e+02
8.019000000000000000e+03 1.576278908157982812e+02
8.029000000000000000e+03 1.581124585716377453e+02
8.039000000000000000e+03 1.580150446616767681e+02
8.049000000000000000e+03 1.580961559888261547e+02
8.059000000000000000e+03 1.579963231377437296e+02
8.069000000000000000e+03 1.582045293960669028e+02
8.079000000000000000e+03 1.579035721252868427e+02
8.089000000000000000e+03 1.583958619093741049e+02
8.099000000000000000e+03 1.587411693430598802e+02
8.109000000000000000e+03 1.595500015833882799e+02
8.119000000000000000e+03 1.597653452595713759e+02
8.129000000000000000e+03 1.599416650821772521e+02
8.139000000000000000e+03 1.598679704860181801e+02
8.149000000000000000e+03 1.602969557589810847e+02
8.159000000000000000e+03 1.606414867256693526e+02
8.169000000000000000e+03 1.610998253079297342e+02
8.179000000000000000e+03 1.613242175304703778e+02
8.189000000000000000e+03 1.613284866456381224e+02
8.199000000000000000e+03 1.612578007148548522e+02
8.209000000000000000e+03 1.615728276328158586e+02
8.219000000000000000e+03 1.621386520398403093e+02
8.229000000000000000e+03 1.622379877095935967e+02
8.239000000000000000e+03 1.626211383925668770e+02
8.249000000000000000e+03 1.628954236962875655e+02
8.259000000000000000e+03 1.636318233421730781e+02
8.269000000000000000e+03 1.639452819164521600e+02
8.279000000000000000e+03 1.641270849735694526e+02
8.289000000000000000e+03 1.643182552707415027e+02
8.299000000000000000e+03 1.647301432808090738e+02
8.309000000000000000e+03 1.647539826707511565e+02
8.319000000000000000e+03 1.651511436695231509e+02
8.329000000000000000e+03 1.652480825379385863e+02
8.339000000000000000e+03 1.653230727787768046e+02
8.349000000000000000e+03 1.658899609855545521e+02
8.359000000000000000e+03 1.657999309285933975e+02
8.369000000000000000e+03 1.661246803337774622e+02
8.379000000000000000e+03 1.665087124175313988e+02
8.389000000000000000e+03 1.666542119768951125e+02
8.399000000000000000e+03 1.671575798535737931e+02
8.409000000000000000e+03 1.673796886021960972e+02
8.419000000000000000e+03 1.674506957626109909e+02
8.429000000000000000e+03 1.675082084944089615e+02
8.439000000000000000e+03 1.679926617780797642e+02
8.449000000000000000e+03 1.684142870432636983e+02
8.459000000000000000e+03 1.685817892055809466e+02
8.469000000000000000e+03 1.687145588769369056e+02
8.479000000000000000e+03 1.691920229746907580e+02
8.489000000000000000e+03 1.695997001070487045e+02
8.499000000000000000e+03 1.704393959735784279e+02
8.509000000000000000e+03 1.706399713133262708e+02
8.519000000000000000e+03 1.705313883067451286e+02
8.529000000000000000e+03 1.714034245502222689e+02
8.539000000000000000e+03 1.714787487270088491e+02
8.549000000000000000e+03 1.716646603154772777e+02
8.559000000000000000e+03 1.721054341819953208e+02
8.569000000000000000e+03 1.725415908835792038e+02
8.579000000000000000e+03 1.726868470666872213e+02
8.589000000000000000e+03 1.730100899492987594e+02
8.599000000000000000e+03 1.731216760610696781e+02
8.609000000000000000e+03 1.734139033105523140e+02
8.619000000000000000e+03 1.735927052316712889e+02
8.629000000000000000e+03 1.734542807540563842e+02
8.639000000000000000e+03 1.738249865445462774e+02
8.649000000000000000e+03 1.737973069550315870e+02
8.659000000000000000e+03 1.743049229520645724e+02
8.669000000000000000e+03 1.743825990364365452e+02
8.679000000000000000e+03 1.741614869285879479e+02
8.689000000000000000e+03 1.743780177757878675e+02
8.699000000000000000e+03 1.742691579823801646e+02
8.709000000000000000e+03 1.743523498376339091e+02
8.719000000000000000e+03 1.743792257671709081e+02
8.729000000000000000e+03 1.748015022989018803e+02
8.739000000000000000e+03 1.751573595777402375e+02
8.749000000000000000e+03 1.752588690334119690e+02
8.759000000000000000e+03 1.755512878641107761e+02
8.769000000000000000e+03 1.755600385988672940e+02
8.779000000000000000e+03 1.754749278978011660e+02
8.789000000000000000e+03 1.757084579432680584e+02
8.799000000000000000e+03 1.757995852221858684e+02
8.809000000000000000e+03 1.756294933211888747e+02
8.819000000000000000e+03 1.758187637666545982e+02
8.829000000000000000e+03 1.759853262457405663e+02
8.839000000000000000e+03 1.762976450925764027e+02
8.849000000000000000e+03 1.768261549087460480e+02
8.859000000000000000e+03 1.770954603409295771e+02
8.869000000000000000e+03 1.777312985445064157e+02
8.879000000000000000e+03 1.779879510951952852e+02
8.889000000000000000e+03 1.783115686342264041e+02
8.899000000000000000e+03 1.780791629273022352e+02
8.909000000000000000e+03 1.785868253870153524e+02
8.919000000000000000e+03 1.788380880277135532e+02
8.929000000000000000e+03 1.788498675964376332e+02
8.939000000000000000e+03 1.790283125495008107e+02
8.949000000000000000e+03 1.801176443510953504e+02
8.959000000000000000e+03 1.802671425932339275e+02
8.969000000000000000e+03 1.807050941015560568e+02
8.979000000000000000e+03 1.805769962676182274e+02
8.989000000000000000e+03 1.811162804728387812e+02
8.999000000000000000e+03 1.814741058458068608e+02
9.009000000000000000e+03 1.819625136541029065e+02
9.019000000000000000e+03 1.820320537848178901e+02
9.029000000000000000e+03 1.820015602715613738e+02
9.039000000000000000e+03 1.821525455944502028e+02
9.049000000000000000e+03 1.828398553447554775e+02
9.059000000000000000e+03 1.828449311873309853e+02
9.069000000000000000e+03 1.834395801330424263e+02
9.079000000000000000e+03 1.835789238354423105e+02
9.089000000000000000e+03 1.841123332863414248e+02
9.099000000000000000e+03 1.841695559526666557e+02
9.109000000000000000e+03 1.847759612324166767e+02
9.119000000000000000e+03 1.851718391042474252e+02
9.129000000000000000e+03 1.855193549223361345e+02
9.139000000000000000e+03 1.859307695669518807e+02
9.149000000000000000e+03 1.857267048238436757e+02
9.159000000000000000e+03 1.860281173093739540e+02
9.169000000000000000e+03 1.863023825767389496e+02
9.179000000000000000e+03 1.863262132421128285e+02
9.189000000000000000e+03 1.869467260711973040e+02
9.199000000000000000e+03 1.868377267746434711e+02
9.209000000000000000e+03 1.873188872445225002e+02
9.219000000000000000e+03 1.872796329881792872e+02
9.229000000000000000e+03 1.872755743158231212e+02
9.239000000000000000e+03 1.872946260418990221e+02
9.249000000000000000e+03 1.876162173981012700e+02
9.259000000000000000e+03 1.879199696622307840e+02
9.269000000000000000e+03 1.885413396078130006e+02
9.279000000000000000e+03 1.889075521802567721e+02
9.289000000000000000e+03 1.894832977033744328e+02
9.299000000000000000e+03 1.898350014051854089e+02
9.309000000000000000e+03 1.897550143608016526e+02
9.319000000000000000e+03 1.898858624769480343e+02
9.329000000000000000e+03 1.898016665532045124e+02
9.339000000000000000e+03 1.901177904140616306e+02
9.349000000000000000e+03 1.906734418009326077e+02
9.359000000000000000e+03 1.911643786492159620e+02
9.369000000000000000e+03 1.917333775382248007e+02
9.379000000000000000e+03 1.919034045708052929e+02
9.389000000000000000e+03 1.920571575547908481e+02
9.399000000000000000e+03 1.925194741084882537e+02
9.409000000000000000e+03 1.928493419661227790e+02
9.419000000000000000e+03 1.930781511897182838e+02
9.429000000000000000e+03 1.934535106678626448e+02
9.439000000000000000e+03 1.935909257708113387e+02
9.449000000000000000e+03 1.934644194797805596e+02
9.459000000000000000e+03 1.930500259036680859e+02
9.469000000000000000e+03 1.938193782117508022e+02
9.479000000000000000e+03 1.934382367832392617e+02
9.489000000000000000e+03 1.938873091619218769e+02
9.499000000000000000e+03 1.941810102562984071e+02
9.509000000000000000e+03 1.940248040875796676e+02
9.519000000000000000e+03 1.942086628816773839e+02
9.529000000000000000e+03 1.943329654596165881e+02
9.539000000000000000e+03 1.949812074199850542e+02
9.549000000000000000e+03 1.953890809227461318e+02
9.559000000000000000e+03 1.953156333227926496e+02
9.569000000000000000e+03 1.955156857841487863e+02
9.579000000000000000e+03 1.961015698506794251e+02
9.589000000000000000e+03 1.965344997928188775e+02
9.599000000000000000e+03 1.967507880690727973e+02
9.609000000000000000e+03 1.968564047523933311e+02
9.619000000000000000e+03 1.968691876237884060e+02
9.629000000000000000e+03 1.969169689791060023e+02
9.639000000000000000e+03 1.971036312839891309e+02
9.649000000000000000e+03 1.974756897999674550e+02
9.659000000000000000e+03 1.975799603199311321e+02
9.669000000000000000e+03 1.977676291351601776e+02
9.679000000000000000e+03 1.981932717600384990e+02
9.689000000000000000e+03 1.982248823184621926e+02
9.699000000000000000e+03 1.987642230766322484e+02
9.709000000000000000e+03 1.991453539870878160e+02
9.719000000000000000e+03 1.996550584055765682e+02
9.729000000000000000e+03 1.996786355873223897e+02
9.739000000000000000e+03 2.002251686332192833e+02
9.749000000000000000e+03 2.003330816947110407e+02
9.759000000000000000e+03 2.005993060655347620e+02
9.769000000000000000e+03 2.006813176478183607e+02
9.779000000000000000e+03 2.008681510412579883e+02
9.789000000000000000e+03 2.005832760151699574e+02
9.799000000000000000e+03 2.005526287833888830e+02
9.809000000000000000e+03 2.008270999122596265e+02
9.819000000000000000e+03 2.010557195372535375e+02
9.829000000000000000e+03 2.010324724538244254e+02
9.839000000000000000e+03 2.013155806058537962e+02
9.849000000000000000e+03 2.021717283691727118e+02
9.859000000000000000e+03 2.021072436591001917e+02
9.869000000000000000e+03 2.022944854295844834e+02
9.879000000000000000e+03 2.029169444961750628e+02
9.889000000000000000e+03 2.028657382356803680e+02
9.899000000000000000e+03 2.035878681247445741e+02
9.909000000000000000e+03 2.036067496634869656e+02
9.919000000000000000e+03 2.042312524558874998e+02
9.929000000000000000e+03 2.045377241476638517e+02
9.939000000000000000e+03 2.046912910509781796e+02
9.949000000000000000e+03 2.049622255290114481e+02
9.959000000000000000e+03 2.044514266071283828e+02
9.969000000000000000e+03 2.043460394838780019e+02
9.979000000000000000e+03 2.049702951714692745e+02
9.989000000000000000e+03 2.052706807330574463e+02
9.999000000000000000e+03 2.057254119147471272e+02
1.000900000000000000e+04 2.063044163732770357e+02
1.001900000000000000e+04 2.061664131480307276e+02
1.002900000000000000e+04 2.067329458666946778e+02
1.003900000000000000e+04 2.071177626771696794e+02
1.004900000000000000e+04 2.074880237206797347e+02
1.005900000000000000e+04 2.077134587439346944e+02
1.006900000000000000e+04 2.077025558119391633e+02
1.007900000000000000e+04 2.075894651171773830e+02
1.008900000000000000e+04 2.075736996356530710e+02
1.009900000000000000e+04 2.074504969344964991e+02
1.010900000000000000e+04 2.075666280146596137e+02
1.011900000000000000e+04 2.079246184324663034e+02
1.012900000000000000e+04 2.084626299905901874e+02
1.013900000000000000e+04 2.087103889734049176e+02
1.014900000000000000e+04 2.091570794049365531e+02
1.015900000000000000e+04 2.092795577950066104e+02
1.016900000000000000e+04 2.091076484365128749e+02
1.017900000000000000e+04 2.092200860712331689e+02
1.018900000000000000e+04 2.093433835863681622e+02
1.019900000000000000e+04 2.091881835483004011e+02
1.020900000000000000e+04 2.095728322415613434e+02
1.021900000000000000e+04 2.095578446971609310e+02
1.022900000000000000e+04 2.095312073621197442e+02
1.023900000000000000e+04 2.097372728293491377e+02
1.024900000000000000e+04 2.096578184534841682e+02
1.025900000000000000e+04 2.098563418469396993e+02
1.026900000000000000e+04 2.099850920307831927e+02
1.027900000000000000e+04 2.100982130146925044e+02
1.028900000000000000e+04 2.105505412015917841e+02
1.029900000000000000e+04 2.107738631066616222e+02
1.030900000000000000e+04 2.107617669271209877e+02
1.031900000000000000e+04 2.108897597746948236e+02
1.032900000000000000e+04 2.108021582607588016e+02
1.033900000000000000e+04 2.110578333570510381e+02
1.034900000000000000e+04 2.109674589841888803e+02
1.035900000000000000e+04 2.108233134685154084e+02
1.036900000000000000e+04 2.112198583695402760e+02
1.037900000000000000e+04 2.118918637837997210e+02
1.038900000000000000e+04 2.119092358055198986e+02
1.039900000000000000e+04 2.122602343126756921e+02
1.040900000000000000e+04 2.126723339078669710e+02
1.041900000000000000e+04 2.125567949644594705e+02
1.042900000000000000e+04 2.128311416632940052e+02
1.043900000000000000e+04 2.125197814966378758e+02
1.044900000000000000e+04 2.128545984332975820e+02
1.045900000000000000e+04 2.128020290766223752e+02
1.046900000000000000e+04 2.129757096556066358e+02
1.047900000000000000e+04 2.129554650446636970e+02
1.048900000000000000e+04 2.127501135693103720e+02
1.049900000000000000e+04 2.130892298472178652e+02
1.050900000000000000e+04 2.138125027892660057e+02
1.051900000000000000e+04 2.143708703467228247e+02
1.052900000000000000e+04 2.146918780080263502e+02
1.053900000000000000e+04 2.152240998184320233e+02
1.054900000000000000e+04 2.155675979710692900e+02
1.055900000000000000e+04 2.160785243503285358e+02
1.056900000000000000e+04 2.161574729798453518e+02
1.057900000000000000e+04 2.160985273371547066e+02
1.058900000000000000e+04 2.164709931867569424e+02
1.059900000000000000e+04 2.161333135063553641e+02
1.060900000000000000e+04 2.163926604918272858e+02
1.061900000000000000e+04 2.165089307348473540e+02
1.062900000000000000e+04 2.168984622362890207e+02
1.063900000000000000e+04 2.172679381263019707e+02
1.064900000000000000e+04 2.174042049701727422e+02
1.065900000000000000e+04 2.175983488615440251e+02
1.066900000000000000e+04 2.177162491790262209e+02
1.067900000000000000e+04 2.172552075498819306e+02
1.068900000000000000e+04 2.172110810477587961e+02
1.069900000000000000e+04 2.178821929970382030e+02
1.070900000000000000e+04 2.181332167982810120e+02
1.071900000000000000e+04 2.182194454194363402e+02
1.072900000000000000e+04 2.187066235335624640e+02
1.073900000000000000e+04 2.192226499408729694e+02
1.074900000000000000e+04 2.192334475540281744e+02
1.075900000000000000e+04 2.194319452992123729e+02
1.076900000000000000e+04 2.197793929819652590e+02
1.077900000000000000e+04 2.196162685683644895e+02
1.078900000000000000e+04 2.200357475147403079e+02
1.079900000000000000e+04 2.205879650806209895e+02
1.080900000000000000e+04 2.208366251980871766e+02
1.081900000000000000e+04 2.211981198575404051e+02
1.082900000000000000e+04 2.215962578700876406e+02
1.083900000000000000e+04 2.217201971983465114e+02
1.084900000000000000e+04 2.216316529620839049e+02
1.085900000000000000e+04 2.217454023160793213e+02
1.086900000000000000e+04 2.217920823320039574e+02
1.087900000000000000e+04 2.225083575607648925e+02
1.088900000000000000e+04 2.229135379127965564e+02
1.089900000000000000e+04 2.230598341074047255e+02
1.090900000000000000e+04 2.227773936247817232e+02
1.091900000000000000e+04 2.227062740719908618e+02
1.092900000000000000e+04 2.232573036193560938e+02
1.093900000000000000e+04 2.233825348550072931e+02
1.094900000000000000e+04 2.237959961430985345e+02
1.095900000000000000e+04 2.242666606818318087e+02
1.096900000000000000e+04 2.248837631574880618e+02
1.097900000000000000e+04 2.250694085736183183e+02
1.098900000000000000e+04 2.252609038457644033e+02
