2.367191421237663690e+03 1.288022880131912551e+01 3.722000551764620013e+01 1.288022880131917169e+01 2.463060566773916889e+03 -7.753475908916907144e+01 3.722000551764620724e+01 -7.753475908916904302e+01 2.328675654072285852e+03
2.312555245185096737e+03 -6.341919067507153329e+01 3.766425251066441149e+01 -6.341919067507150487e+01 2.345023682462458055e+03 -4.880500658872185227e+01 3.766425251066442570e+01 -4.880500658872186648e+01 2.413522876026613631e+03
2.341632932745663766e+03 3.777493840168897776e+01 -2.963797995996382895e+01 3.777493840168897776e+01 2.334823546363395053e+03 -7.067765884264416343e+01 -2.963797995996387513e+01 -7.067765884264412080e+01 2.422767904963777255e+03
2.251729281021656334e+03 -8.808328426960039792e+01 3.343375790256519764e+01 -8.808328426960042634e+01 2.368661657455529166e+03 -1.879994829027931758e+01 3.343375790256519764e+01 -1.879994829027933179e+01 2.427464924224903370e+03
2.308080975533731362e+03 -6.218812677314630832e+01 -3.975860283548512797e+01 -6.218812677314634385e+01 2.359591528359649601e+03 2.551753953713233969e+01 -3.975860283548508534e+01 2.551753953713236100e+01 2.428161742947232142e+03
2.259180453206746733e+03 -5.951829984889914726e+01 -4.082087366564561393e+00 -5.951829984889918990e+01 2.362521959627400065e+03 -1.339386237160810289e+00 -4.082087366564543629e+00 -1.339386237160781867e+00 2.444307341578090018e+03
2.187288858001242716e+03 -1.072932321895838292e+01 2.222086080049076173e+01 -1.072932321895839181e+01 2.479345293443013816e+03 -8.383223392320078915e+01 2.222086080049077950e+01 -8.383223392320078915e+01 2.420715859979040943e+03
2.238075293591428817e+03 -3.501277507309009707e+01 -2.785465212640626742e+00 -3.501277507309008286e+01 2.496197682635807723e+03 -1.161577376733822291e+02 -2.785465212640655164e+00 -1.161577376733822007e+02 2.407190361867436877e+03
2.270239030336884753e+03 -7.657628020527253909e+01 6.355031502770918550e+00 -7.657628020527251067e+01 2.438016914239147354e+03 -8.559327560295596982e+01 6.355031502770946972e+00 -8.559327560295599824e+01 2.403565341440615157e+03
2.274866780248141822e+03 -6.313498867510487145e+01 -5.262511909195889359e+01 -6.313498867510487145e+01 2.484456087461790958e+03 -2.566970477036399956e+01 -5.262511909195889359e+01 -2.566970477036395692e+01 2.342464106934772644e+03
2.251518162683174978e+03 -2.452447051287026270e+01 2.637042841471389565e+01 -2.452447051287026980e+01 2.451576395450795189e+03 -1.179318663487653396e+01 2.637042841471388144e+01 -1.179318663487653218e+01 2.287978745465694828e+03
2.262540884554271997e+03 -5.427013781926247304e+01 -2.369929346426191330e+01 -5.427013781926245883e+01 2.402114487973558880e+03 -2.421560559339878438e+01 -2.369929346426191330e+01 -2.421560559339877017e+01 2.359107157348871169e+03
2.280743945751728461e+03 -3.703395083122143916e+01 -6.328676548476948938e+01 -3.703395083122146758e+01 2.430375137996177273e+03 2.151921192527458260e+01 -6.328676548476951780e+01 2.151921192527459681e+01 2.359636506613904658e+03
2.264767861356468529e+03 1.373883327670496968e+01 -6.132743830131590101e+01 1.373883327670497323e+01 2.463584478777568620e+03 2.873462076886127647e+01 -6.132743830131590101e+01 2.873462076886126937e+01 2.413526082496348863e+03
2.301091084710451014e+03 -5.854394293825607321e+01 2.224214898180091282e+01 -5.854394293825603768e+01 2.477157123416886407e+03 8.466801722646430051e+00 2.224214898180091993e+01 8.466801722646424722e+00 2.370657233907273621e+03
2.356831621910174363e+03 -3.065530487868639042e+01 -1.656355155781088584e+01 -3.065530487868639753e+01 2.424746408206233809e+03 -4.281103109830193887e+01 -1.656355155781091071e+01 -4.281103109830193887e+01 2.400439829053057110e+03
2.486599282135402518e+03 6.698637579842968925e+00 7.379356570152852512e+00 6.698637579842955603e+00 2.311300791124697753e+03 1.422719514135390284e+01 7.379356570152850736e+00 1.422719514135388685e+01 2.375644124763641230e+03
2.386893452324304235e+03 -2.628033319466920403e+01 2.964411181360089032e+01 -2.628033319466918982e+01 2.474673552393519003e+03 8.065628512966988239e+01 2.964411181360089032e+01 8.065628512966985397e+01 2.383249735281761787e+03
2.298011644129670913e+03 -6.934282835619951868e+01 -2.353301894112576065e+01 -6.934282835619954710e+01 2.429414955870485301e+03 5.096983880163089253e+01 -2.353301894112576775e+01 5.096983880163087832e+01 2.302397629426677213e+03
2.378918599955788068e+03 -8.403536865013018087e+01 -1.406832174608952535e+01 -8.403536865013015245e+01 2.429883508609695127e+03 -3.238349087512708557e+00 -1.406832174608949160e+01 -3.238349087512710334e+00 2.346636808224571269e+03
2.352403047043876995e+03 -8.502738916729725815e+01 2.577365582563220237e-01 -8.502738916729728658e+01 2.464584930021056607e+03 3.568519733588948384e+01 2.577365582563295732e-01 3.568519733588950515e+01 2.315602337935470132e+03
2.354512898503884117e+03 -7.480301341948111826e+01 -5.064154155673885072e+01 -7.480301341948108984e+01 2.355770408850271451e+03 1.536626194109477872e+00 -5.064154155673886493e+01 1.536626194109470767e+00 2.400838067316838533e+03
2.362870944735258036e+03 2.633101347380864610e+01 -5.663663710670753915e+00 2.633101347380866741e+01 2.381103115796376187e+03 -1.546261617842657010e+01 -5.663663710670772566e+00 -1.546261617842657010e+01 2.434437812532287353e+03
2.322245062463264276e+03 8.801241150068479158e+01 -3.614936769377260362e+01 8.801241150068477737e+01 2.373202125056691784e+03 4.591271425223298053e+01 -3.614936769377262493e+01 4.591271425223295921e+01 2.437876177361576538e+03
2.323191047606158008e+03 -3.638619421546649590e+01 -3.797234092270004968e+00 -3.638619421546652433e+01 2.325715197339484803e+03 -5.547192480031583983e+01 -3.797234092270023176e+00 -5.547192480031578299e+01 2.372300622691765057e+03
2.374723052970554363e+03 3.040039839009571310e+01 7.679462863962933206e+00 3.040039839009569889e+01 2.349459371430436477e+03 -2.810174558847067239e-01 7.679462863962950969e+00 -2.810174558847142734e-01 2.438851048093910777e+03
2.358912463554838268e+03 -5.904289855516758934e+01 3.380347929233760595e+01 -5.904289855516758934e+01 2.292512564761609610e+03 -1.231411760499518806e+02 3.380347929233763438e+01 -1.231411760499519374e+02 2.403492774605446357e+03
2.473830714914379769e+03 -2.653816156411658511e+01 2.387212391176537718e+00 -2.653816156411658511e+01 2.352028988461463086e+03 -2.797016776946061434e+00 2.387212391176511073e+00 -2.797016776946050776e+00 2.359704375837030511e+03
2.384828738550565504e+03 -7.207860619499844290e+01 7.056010390829475121e+00 -7.207860619499840027e+01 2.433608349565754452e+03 -1.757570753896937887e+01 7.056010390829492884e+00 -1.757570753896937177e+01 2.334707586353043098e+03
2.342939304344504308e+03 -2.834116436040450182e+01 -6.367354581191166929e+00 -2.834116436040450182e+01 2.384523175347821052e+03 -4.398031696799556300e+01 -6.367354581191162488e+00 -4.398031696799556300e+01 2.333906473625130729e+03
2.305618383992838062e+03 -1.325079684405305898e+02 3.204081562116597581e+01 -1.325079684405305898e+02 2.385424417209171224e+03 4.581403939376236423e+01 3.204081562116597581e+01 4.581403939376237133e+01 2.415740516381538782e+03
2.323319691215822786e+03 -3.886480394380797776e+01 5.573060708063620439e+01 -3.886480394380795644e+01 2.332223661892022392e+03 4.254361084183139496e+01 5.573060708063623991e+01 4.254361084183140918e+01 2.407571779121305553e+03
2.351823910707087180e+03 -5.684865822744001207e+01 5.285764911959903145e+01 -5.684865822744006891e+01 2.360027086807015621e+03 -5.058297356491526386e+01 5.285764911959898882e+01 -5.058297356491529229e+01 2.322302642141698925e+03
2.294773653814293084e+03 3.909295378018013967e+00 8.388218182401756451e+01 3.909295378017970890e+00 2.437963472318526783e+03 -4.502708114000090234e+01 8.388218182401757872e+01 -4.502708114000089523e+01 2.354894483890342144e+03
2.184938154851317449e+03 -9.605530795166703228e+01 1.088763930311630901e+02 -9.605530795166708913e+01 2.429006041081262993e+03 1.411016458567581537e+02 1.088763930311630617e+02 1.411016458567581253e+02 2.340805312122962277e+03
2.183339468326805672e+03 -8.717770164864077742e+01 1.200698472688826115e+02 -8.717770164864076321e+01 2.470051040320631273e+03 5.865429499474585384e+01 1.200698472688826399e+02 5.865429499474585384e+01 2.303414054730619227e+03
2.211452942989467829e+03 -2.724966015839463651e+01 5.361759725044750269e+01 -2.724966015839460454e+01 2.385644019735942038e+03 -2.530894528373344343e+01 5.361759725044750269e+01 -2.530894528373345764e+01 2.353884033458641170e+03
2.106990267043469430e+03 -3.328766846515784295e+01 6.223761474798332927e+01 -3.328766846515785005e+01 2.493540887757059409e+03 9.872645024329582242e+00 6.223761474798331506e+01 9.872645024329575136e+00 2.391929523157451058e+03
2.131352915059125280e+03 2.590652967796448714e+00 6.414783764072193151e+01 2.590652967796464257e+00 2.407077966122918951e+03 -1.770561000930356244e+01 6.414783764072190309e+01 -1.770561000930355888e+01 2.293126056944808170e+03
2.149922932796547229e+03 3.067039932695582749e+01 1.162950989157252764e+02 3.067039932695581328e+01 2.464168723704878175e+03 5.185326432717338463e+01 1.162950989157252764e+02 5.185326432717339884e+01 2.238402801007015114e+03
2.220088486589954300e+03 1.211348793762554088e+01 7.023848029024652817e+01 1.211348793762554976e+01 2.414646845837832643e+03 -1.251246867116130090e+00 7.023848029024651396e+01 -1.251246867116110106e+00 2.262400021610097156e+03
2.181003301547189039e+03 5.401524629660050891e+01 6.166810362968143266e+01 5.401524629660049470e+01 2.445622807956309316e+03 6.988846989614300753e+01 6.166810362968140424e+01 6.988846989614300753e+01 2.224852058894428865e+03
2.200166442851082593e+03 -2.438007534826141409e+01 6.214713944078230412e+01 -2.438007534826142830e+01 2.492593494964155070e+03 2.215784463718176767e+01 6.214713944078228991e+01 2.215784463718179964e+01 2.171217263129216462e+03
2.239752932709523520e+03 4.725266385623507759e+00 5.888745934177124752e+01 4.725266385623497101e+00 2.628576299887636651e+03 -4.120774991780142926e+01 5.888745934177121910e+01 -4.120774991780141505e+01 2.236356627792275503e+03
2.189073685466367806e+03 -3.146422381581085403e+01 -9.564523459552823681e+00 -3.146422381581081851e+01 2.509410155442429641e+03 1.636993768299964813e+01 -9.564523459552852103e+00 1.636993768299964813e+01 2.311333747655173738e+03
2.247294604600981984e+03 -2.765096261814220924e+01 -5.067822008395907574e+01 -2.765096261814220213e+01 2.445045856029753395e+03 -2.691485888627943979e+01 -5.067822008395906153e+01 -2.691485888627941492e+01 2.295934478831255547e+03
2.233655410183433105e+03 -1.830712076684240941e+01 1.311323282971376436e+01 -1.830712076684240586e+01 2.342237843146509022e+03 -5.568283426998446117e+01 1.311323282971376258e+01 -5.568283426998448249e+01 2.392998251091649763e+03
2.139784712194461463e+03 -5.001463082990525066e+01 9.641274985414138854e+00 -5.001463082990525066e+01 2.326314591772086715e+03 -1.806280712504196728e+01 9.641274985414167276e+00 -1.806280712504196018e+01 2.429155135035290641e+03
2.101266683624211964e+03 -3.399950847855309632e+01 -2.797136489681996352e+00 -3.399950847855308922e+01 2.283063525545412631e+03 -1.044147067568985534e+02 -2.797136489681999016e+00 -1.044147067568985818e+02 2.306604301720019066e+03
2.140079068387944062e+03 -2.409680594570169987e+01 9.565445381985206552e+00 -2.409680594570168566e+01 2.374938062294217616e+03 -2.019052169243389017e+01 9.565445381985220763e+00 -2.019052169243390438e+01 2.270762204759225824e+03
2.267036111374107804e+03 -1.217716655327749748e+02 6.388464362170364730e+00 -1.217716655327749748e+02 2.345507712697769875e+03 -9.690743213227225539e+00 6.388464362170343414e+00 -9.690743213227179353e+00 2.223343812101909407e+03
2.238982051166516158e+03 -1.563448693396989313e+02 -1.491994141119877604e+00 -1.563448693396989313e+02 2.293912908788919594e+03 -4.040132905406254338e+01 -1.491994141119868722e+00 -4.040132905406254338e+01 2.195384578969260474e+03
2.268439867747198605e+03 -4.230397018713419044e+01 3.615023509562247028e+01 -4.230397018713420465e+01 2.279654489944783109e+03 1.948712275861253573e+01 3.615023509562247028e+01 1.948712275861257126e+01 2.283499047298794721e+03
2.294748988694230320e+03 -1.233267706423609233e+01 3.980661415583713136e+01 -1.233267706423607812e+01 2.320268747475878627e+03 -3.031255640092806303e+01 3.980661415583711005e+01 -3.031255640092800618e+01 2.289301411722746252e+03
2.237204861535333748e+03 -6.687959175364665043e+01 -2.544489345498586985e+01 -6.687959175364663622e+01 2.315194198930302719e+03 -5.216794875020752897e+01 -2.544489345498584854e+01 -5.216794875020750055e+01 2.269894576772019718e+03
2.232486833394423684e+03 -3.006443506985426239e+01 1.921265968172181005e+01 -3.006443506985426950e+01 2.298245007323722348e+03 -1.404771800939517590e+01 1.921265968172183847e+01 -1.404771800939519366e+01 2.455155061130904869e+03
2.266829906427037713e+03 -2.687993737714634079e+01 -6.399105213029376849e+00 -2.687993737714635500e+01 2.229451528845166649e+03 -6.058027829493884298e+01 -6.399105213029405270e+00 -6.058027829493884298e+01 2.367561352268809060e+03
2.168174781254262143e+03 1.832659619786711769e+00 -5.988267342594255638e+01 1.832659619786716654e+00 2.283813398202354620e+03 -5.660964250266993503e+01 -5.988267342594258480e+01 -5.660964250266994924e+01 2.332440889801679077e+03
2.204364701798764600e+03 -2.936491233935586642e+00 -3.879638609813672900e+01 -2.936491233935596412e+00 2.409601993974419656e+03 -1.589650030026803229e+01 -3.879638609813673611e+01 -1.589650030026802519e+01 2.282447117592619634e+03
2.228352636258659913e+03 -1.745677401946898755e+01 -5.574269343895122830e+01 -1.745677401946896623e+01 2.347942755894472612e+03 -2.976256552806056277e+01 -5.574269343895122830e+01 -2.976256552806058409e+01 2.244002230671516827e+03
2.115746048822331431e+03 -1.328984922582249162e+01 -9.720969955585651689e+01 -1.328984922582248096e+01 2.377285222837741003e+03 -3.871367844958582083e+01 -9.720969955585648847e+01 -3.871367844958581372e+01 2.237346273384390770e+03
2.128676284299277540e+03 1.264797763858956703e+00 -4.031360438168722027e+01 1.264797763858949153e+00 2.361863641568316780e+03 -1.488677697326384042e+01 -4.031360438168723448e+01 -1.488677697326381555e+01 2.331944523809682323e+03
2.289281064690609583e+03 1.159375881429455006e+02 -2.187695502286922178e+01 1.159375881429455291e+02 2.285257970743605256e+03 -6.082784063297402355e+01 -2.187695502286921467e+01 -6.082784063297403776e+01 2.219455297251605316e+03
2.259434037305255515e+03 5.070734782308109345e+01 -1.656651576671479376e+01 5.070734782308110766e+01 2.274157223056149633e+03 -7.495906077876304607e+01 -1.656651576671478310e+01 -7.495906077876298923e+01 2.204989668788814470e+03
2.258406959183422714e+03 1.064781955653177334e+02 -4.706236094713712248e+01 1.064781955653177477e+02 2.320820195957219767e+03 -7.158463900512658995e+01 -4.706236094713715090e+01 -7.158463900512661837e+01 2.209207339976436288e+03
2.210154500991652640e+03 1.601117646087712387e+02 -3.414100793025662739e+01 1.601117646087712387e+02 2.304016889778051791e+03 -4.355898642680718069e+01 -3.414100793025662739e+01 -4.355898642680715227e+01 2.239836511180337766e+03
2.346860519918608588e+03 3.966950743867170814e+01 6.060893810044558627e-01 3.966950743867172235e+01 2.239024881218754672e+03 -2.911950941558274764e+01 6.060893810044780672e-01 -2.911950941558276185e+01 2.167896515416525745e+03
2.382164636810626234e+03 5.652411451252155672e+01 -4.213908783870921582e+01 5.652411451252157093e+01 2.256826075594957729e+03 -2.235395010627210510e+01 -4.213908783870924424e+01 -2.235395010627206958e+01 2.166702075025889826e+03
2.398639477285128123e+03 9.920737120327876823e+01 -8.905202470524822900e+01 9.920737120327876823e+01 2.300972230801753994e+03 3.625344704018499620e+00 -8.905202470524822900e+01 3.625344704018515607e+00 2.142476021025377577e+03
2.326945698805295706e+03 -2.311139409391422106e+01 -9.218764534636058272e+01 -2.311139409391423527e+01 2.327765104220973626e+03 -1.873330801728220152e+01 -9.218764534636054009e+01 -1.873330801728218020e+01 2.173286422961075459e+03
2.292662558684701708e+03 2.070347217860513922e+01 6.094918871718518005e+01 2.070347217860514277e+01 2.317829113114084066e+03 -5.431315935135835105e+00 6.094918871718519426e+01 -5.431315935135808459e+00 2.203812713955163417e+03
2.187291553913691132e+03 1.442694096520855673e+01 1.476994977900924333e+01 1.442694096520856384e+01 2.337557890061131729e+03 -1.321787757552995224e+01 1.476994977900925754e+01 -1.321787757552994691e+01 2.228522611823485022e+03
2.325195933832936134e+03 -2.047251461691810803e+01 -1.423696497844506155e+02 -2.047251461691812935e+01 2.360887122016120884e+03 8.003015069587196706e+01 -1.423696497844506155e+02 8.003015069587196706e+01 2.157112899061900407e+03
2.355222303588887826e+03 -2.992166341915696393e+01 -1.077767590454575526e+02 -2.992166341915698524e+01 2.234458792564840678e+03 1.021361962950310698e+02 -1.077767590454575526e+02 1.021361962950310698e+02 2.297922641346486671e+03
2.262212928464534343e+03 3.742224392023619828e+01 -1.101908559017648059e+02 3.742224392023619117e+01 2.297163537860411452e+03 1.040877080266511001e+02 -1.101908559017647775e+02 1.040877080266511285e+02 2.224389690175917167e+03
2.301296294231434331e+03 7.477318561651462403e+01 -4.237900705638719501e+01 7.477318561651465245e+01 2.208222041159629498e+03 -3.894186818685550833e+01 -4.237900705638716659e+01 -3.894186818685550833e+01 2.279796387259510993e+03
2.291417375264708426e+03 3.587660620868989270e+01 -1.205840074681162832e+01 3.587660620868989980e+01 2.295626360404837669e+03 -5.304719466525396143e+01 -1.205840074681158569e+01 -5.304719466525394722e+01 2.182178609730824519e+03
2.343535556846944928e+03 7.764612729707999428e+00 -7.835694742913337052e+01 7.764612729708034955e+00 2.311889778732528157e+03 7.166999257515260524e+01 -7.835694742913341315e+01 7.166999257515257682e+01 2.154675953519325958e+03
2.328608140418568382e+03 -1.060726399539205147e+02 9.536399174617692154e+00 -1.060726399539204863e+02 2.261367030449421236e+03 1.716399815348929891e+01 9.536399174617699259e+00 1.716399815348926339e+01 2.110069310056996528e+03
2.258227225111157168e+03 -5.602833643206913194e+01 2.648107072180862431e+01 -5.602833643206913194e+01 2.329109686083771521e+03 1.281586885394685460e+01 2.648107072180862076e+01 1.281586885394686171e+01 2.152585863679319573e+03
2.233767764388705473e+03 -6.768059847403795004e+01 -1.689649410888463521e+01 -6.768059847403795004e+01 2.317444661270842971e+03 -1.935416906170452478e+01 -1.689649410888460679e+01 -1.935416906170453544e+01 2.280340784601062751e+03
2.180183698305248072e+03 -5.426923145076118971e+01 -5.322985990900849451e+00 -5.426923145076118971e+01 2.409674659292819797e+03 3.964064458007916159e+01 -5.322985990900853004e+00 3.964064458007917580e+01 2.283368349870350357e+03
2.232459524947302725e+03 -6.578695613727740010e+01 2.777808585179255374e+01 -6.578695613727737168e+01 2.410490728064078667e+03 -9.723681914762819289e+00 2.777808585179255374e+01 -9.723681914762851264e+00 2.286473628526093762e+03
2.259980060740132103e+03 -1.306610696764421107e+02 -6.690503191389428395e+00 -1.306610696764420538e+02 2.281663607407319887e+03 -1.498990199076487073e+01 -6.690503191389429283e+00 -1.498990199076487428e+01 2.263192337900691655e+03
2.149041447085745858e+03 -1.406467864651133652e+02 -5.304586755841217638e+01 -1.406467864651133652e+02 2.417397815520852419e+03 -3.152675362347507715e+01 -5.304586755841219059e+01 -3.152675362347508425e+01 2.281150198452003679e+03
2.199256097321540437e+03 -1.413277648035195284e+02 6.890899032604130170e+00 -1.413277648035195000e+02 2.383305710231212288e+03 -5.823006644880364036e+01 6.890899032604136387e+00 -5.823006644880366878e+01 2.204330295905805997e+03
2.195655962586086389e+03 -5.985930312133268671e+01 -1.629247842120760836e+01 -5.985930312133267250e+01 2.362027578768214426e+03 -3.489061973063790845e+01 -1.629247842120757284e+01 -3.489061973063792266e+01 2.217215846513765428e+03
2.173512368519977827e+03 -5.630983493127157402e+01 1.015824219445123866e+01 -5.630983493127151007e+01 2.440569029800969929e+03 9.881831742673735874e+00 1.015824219445121734e+01 9.881831742673726993e+00 2.162853417261771483e+03
2.168995909418197243e+03 -3.266246612264224325e+01 -5.030048318468630697e+01 -3.266246612264223614e+01 2.320297226795205006e+03 6.156396525360191418e+01 -5.030048318468631408e+01 6.156396525360191418e+01 2.219932620931313522e+03
2.187485588383336108e+03 1.328990963674132075e+01 3.218284259868389086e+01 1.328990963674129944e+01 2.376778092585503146e+03 1.553489897631146022e+01 3.218284259868387664e+01 1.553489897631144601e+01 2.269412908442069238e+03
2.277760317522542664e+03 4.748188429697096780e+01 -1.901592420676197293e+01 4.748188429697096780e+01 2.332584540876521260e+03 -7.365442004808866727e+01 -1.901592420676195161e+01 -7.365442004808869569e+01 2.163198263972889436e+03
2.378247254796001471e+03 1.689821459021571926e+01 -1.849936720399814405e+01 1.689821459021573702e+01 2.271947215062880787e+03 -1.089514024640998535e+01 -1.849936720399815826e+01 -1.089514024640995515e+01 2.235132928152670956e+03
2.288234990362162534e+03 1.732225264422746136e+01 2.593313956218344529e+01 1.732225264422744715e+01 2.247861503271398306e+03 -2.241574497554463008e+01 2.593313956218337069e+01 -2.241574497554462297e+01 2.244445948028484963e+03
2.258450585727768157e+03 2.583122215699169111e+00 2.064528327027946730e+01 2.583122215699166890e+00 2.277804248773391009e+03 1.475852865617292764e+01 2.064528327027948151e+01 1.475852865617294896e+01 2.175571716070152434e+03
2.281296274160106350e+03 -5.344701217031500029e-01 3.363270717176722258e+01 -5.344701217031646578e-01 2.247653259402322419e+03 1.756137900404247176e+01 3.363270717176719415e+01 1.756137900404250018e+01 2.308762408596915520e+03
2.286954182433287315e+03 3.875010107929963254e+01 2.047899012014055842e+01 3.875010107929961833e+01 2.343352120207637199e+03 4.569561236014829575e+01 2.047899012014060105e+01 4.569561236014833128e+01 2.237587476383852845e+03
2.283750125877781556e+03 -6.588303525862873045e+00 5.306429987701346818e+01 -6.588303525862901466e+00 2.383337048330879043e+03 -4.055574175922389202e+01 5.306429987701347528e+01 -4.055574175922389202e+01 2.239174278048933502e+03
2.461775803091341459e+03 6.134085869480623643e+01 2.818943485326339982e+01 6.134085869480626485e+01 2.327490574414664025e+03 6.167385823420225677e+01 2.818943485326339982e+01 6.167385823420227098e+01 2.201248822300774009e+03
2.377570857251898360e+03 9.187359229146375128e+01 -2.143600855228421054e+01 9.187359229146380812e+01 2.264019781212651196e+03 2.353048174867328513e+01 -2.143600855228419633e+01 2.353048174867329934e+01 2.287337484491371924e+03
2.411845443930338661e+03 -7.463310335163900078e+00 -6.408400718876281132e+01 -7.463310335163885867e+00 2.212743790173757134e+03 4.751006147830281634e+01 -6.408400718876279711e+01 4.751006147830280213e+01 2.339651881264297117e+03
2.464962134058816446e+03 7.874246697444466747e+01 -1.541806611142184202e+00 7.874246697444473853e+01 2.288382091837545886e+03 -1.038545688422483693e+01 -1.541806611142162886e+00 -1.038545688422487601e+01 2.269549336429856794e+03
2.464267719830117130e+03 3.015812552985077843e+01 -1.810245217224330361e+01 3.015812552985073225e+01 2.282721175938819215e+03 -1.803439779272698829e+00 -1.810245217224328940e+01 -1.803439779272713483e+00 2.249544492916068066e+03
2.393192341028823648e+03 2.391132198471550296e+01 -3.653902062627243907e+01 2.391132198471549941e+01 2.351465653206291790e+03 2.783262275225337490e+01 -3.653902062627243907e+01 2.783262275225338911e+01 2.284532705216814975e+03
2.474345005162442249e+03 7.616444227768179864e+00 -3.952597380385411441e+01 7.616444227768227826e+00 2.342156745489542573e+03 1.153510550947254814e+02 -3.952597380385411441e+01 1.153510550947254814e+02 2.313844435423221967e+03
2.559406532582495856e+03 -7.888450909527616517e+00 -5.209557279520966233e+01 -7.888450909527626287e+00 2.281221281263577112e+03 4.797505165057484078e+01 -5.209557279520966233e+01 4.797505165057486920e+01 2.282795776296739405e+03
2.480892530380832341e+03 -4.468754419330149830e+01 -2.687202924605406329e-01 -4.468754419330152672e+01 2.349780409676084219e+03 -2.983422583074144185e+01 -2.687202924605499588e-01 -2.983422583074147028e+01 2.252927811235485933e+03
2.325749546920350895e+03 -8.088667816674051991e+00 1.693768196886948019e+01 -8.088667816674059097e+00 2.349007673312228690e+03 -7.548003629384253088e+01 1.693768196886946953e+01 -7.548003629384248825e+01 2.350544939503881778e+03
2.364967614250384031e+03 -7.079707379987983984e+01 2.048677376245635529e+01 -7.079707379987982563e+01 2.372815074275967163e+03 -6.807804702375433692e+01 2.048677376245636239e+01 -6.807804702375432271e+01 2.341953874833089230e+03
2.392698409966636973e+03 -6.302717310223958691e+01 9.409515617670204790e+01 -6.302717310223957270e+01 2.377510133817092083e+03 -2.427478309798537737e+01 9.409515617670210474e+01 -2.427478309798536316e+01 2.256531074843653187e+03
2.437434876721816636e+03 -3.800891038704107672e+01 -4.007498034956416433e+01 -3.800891038704105540e+01 2.327847748198290446e+03 1.239229450988700876e+01 -4.007498034956415722e+01 1.239229450988701764e+01 2.240262282791548387e+03
2.338108823668183504e+03 4.912276111764362696e+01 2.995597106861413561e+00 4.912276111764362696e+01 2.306612166740031626e+03 1.351201427965353830e+01 2.995597106861428216e+00 1.351201427965355961e+01 2.275182669143016028e+03
2.297470448582837889e+03 6.370158177251222043e+01 3.352611379110496159e+01 6.370158177251229148e+01 2.240980498797227938e+03 -5.655502830347391097e+01 3.352611379110497580e+01 -5.655502830347393228e+01 2.336527561220727875e+03
2.424512061007853390e+03 9.449178461672516960e+01 7.456849087489486294e+01 9.449178461672518381e+01 2.219180157150816285e+03 -8.306436873830799072e+01 7.456849087489487715e+01 -8.306436873830794809e+01 2.311965571649805042e+03
2.447086490570623027e+03 -4.809370533760692012e+01 8.217215077917734334e+01 -4.809370533760693434e+01 2.140477325616357575e+03 -4.500413891047664805e+01 8.217215077917734334e+01 -4.500413891047665516e+01 2.203771395414767539e+03
2.403298383720799393e+03 -9.743502463328290730e+00 2.524392595567820763e+01 -9.743502463328290730e+00 2.152040080906610001e+03 -4.291705151835139453e+00 2.524392595567822895e+01 -4.291705151835153664e+00 2.270001459177343349e+03
2.360736831251245803e+03 3.325328237340213633e+01 -1.533778073053998270e+01 3.325328237340218607e+01 2.175908490109125523e+03 -2.417020079010854872e+01 -1.533778073054000757e+01 -2.417020079010855937e+01 2.255796203512850298e+03
2.472942088006172071e+03 4.680939972109658953e+01 -5.038537933014081460e+01 4.680939972109659664e+01 2.214920270064696069e+03 -4.934579171185885116e+01 -5.038537933014082881e+01 -4.934579171185880853e+01 2.206227758899507990e+03
2.302000927250678615e+03 -2.372037216148278205e+01 -1.080109751741348418e+02 -2.372037216148281402e+01 2.303425567542316003e+03 -9.513413778041818603e+01 -1.080109751741348276e+02 -9.513413778041824287e+01 2.241060907604414297e+03
2.301116329583377137e+03 -5.612711000081957025e+01 -9.391119740338942279e+01 -5.612711000081959867e+01 2.249190063798702795e+03 -2.188591606278151502e+01 -9.391119740338946542e+01 -2.188591606278149015e+01 2.230593044772897429e+03
2.234794634589271027e+03 2.132742307376063806e+01 5.356179872046743640e+01 2.132742307376064872e+01 2.336892229305630281e+03 -5.917488737545858868e+01 5.356179872046745061e+01 -5.917488737545856026e+01 2.290557453691884803e+03
2.321844719259630892e+03 -7.504884326171645625e+01 2.890967851689598334e+01 -7.504884326171651310e+01 2.308250420338540152e+03 -7.650306209120076062e+01 2.890967851689604018e+01 -7.650306209120073220e+01 2.350132092971767634e+03
2.369860694835869253e+03 -4.126324932259986156e+01 5.940008681710239991e+00 -4.126324932259984024e+01 2.314749674442266951e+03 -2.209372486140775393e+01 5.940008681710197358e+00 -2.209372486140775393e+01 2.277737553910966199e+03
2.284382893741297721e+03 -5.231755525022156661e+01 3.949255281211468827e+01 -5.231755525022158082e+01 2.322038319177896028e+03 -2.289741124405421857e+01 3.949255281211471669e+01 -2.289741124405422568e+01 2.298298926603960354e+03
2.354178448959869002e+03 -1.859454307303179021e+01 5.694869994091681775e+01 -1.859454307303180443e+01 2.402179027164999752e+03 2.157838051579386374e+01 5.694869994091678933e+01 2.157838051579384953e+01 2.239029429008781790e+03
2.318313170593124141e+03 -2.692289380657088671e+00 4.870759610505733406e+01 -2.692289380657079789e+00 2.309343716454189234e+03 4.525644582098990298e+01 4.870759610505730564e+01 4.525644582098988877e+01 2.252146606212410461e+03
2.286881005172373079e+03 -1.671854959900773352e+01 1.387235355636599543e+01 -1.671854959900774773e+01 2.259244314597660377e+03 3.174662309829986739e+01 1.387235355636599188e+01 3.174662309829987450e+01 2.344454573656210414e+03
2.259954134255579447e+03 -3.494421774052209173e+01 3.692618883450109024e+01 -3.494421774052207752e+01 2.214247620342295704e+03 -1.572837407287156530e+01 3.692618883450111156e+01 -1.572837407287156530e+01 2.305027070869179170e+03
2.173833151666829963e+03 3.634139882948839073e+01 -7.121214056846167750e+01 3.634139882948841915e+01 2.331821913303479505e+03 -3.366195930916117796e+00 -7.121214056846167750e+01 -3.366195930916155099e+00 2.379071088755540131e+03
2.218601045588635770e+03 -3.538355244608553818e+01 5.151122095403239598e+01 -3.538355244608552397e+01 2.281790370227870881e+03 -4.011679336186237776e+01 5.151122095403235335e+01 -4.011679336186236355e+01 2.395764405383376470e+03
2.160101761563796117e+03 5.637508318228821480e+01 -2.298007177496063846e+01 5.637508318228820059e+01 2.322866271419028635e+03 2.526044178636044357e-01 -2.298007177496061715e+01 2.526044178635933335e-01 2.388853471916342642e+03
2.258900559988168879e+03 2.846064095109524672e+01 -7.341980196158945660e+01 2.846064095109520409e+01 2.265891823943976306e+03 -4.765152770563570073e+01 -7.341980196158944239e+01 -4.765152770563568652e+01 2.341085867181819594e+03
2.280207893237235567e+03 -5.342443300057223610e+01 6.165524863730951211e-01 -5.342443300057223610e+01 2.301556629856067048e+03 -1.069048170269916511e+02 6.165524863730902361e-01 -1.069048170269916227e+02 2.392782537215433877e+03
2.240159363179297088e+03 -4.737897191659323681e+01 5.719912146739923742e+01 -4.737897191659322260e+01 2.254457340188342641e+03 -1.108298764811872132e+02 5.719912146739925163e+01 -1.108298764811872132e+02 2.394065640945000268e+03
2.237769982698643162e+03 -1.555085392907966124e+01 3.770094818593911867e+01 -1.555085392907963104e+01 2.200822592523847106e+03 -5.039507786743193662e+01 3.770094818593911157e+01 -5.039507786743190820e+01 2.348028059615500297e+03
2.243821729280417912e+03 -5.130552479587992565e+01 2.545088603727529275e+01 -5.130552479587989012e+01 2.218331049309993432e+03 -2.248447436030129865e+01 2.545088603727528564e+01 -2.248447436030127022e+01 2.284940172548876944e+03
2.268543822819824982e+03 -5.475025550695458776e+01 -3.728164312794035595e+01 -5.475025550695458776e+01 2.272724683458880008e+03 3.574402377502683947e+01 -3.728164312794035595e+01 3.574402377502683947e+01 2.276556582854829230e+03
2.303593633199248870e+03 -6.115864367911245836e+01 3.850500122383073887e+01 -6.115864367911245125e+01 2.269137050938399170e+03 -4.590369709810869381e+01 3.850500122383076018e+01 -4.590369709810867960e+01 2.354152011881787985e+03
2.446508604019633367e+03 -1.353458248400800557e+01 7.388134970864085460e+01 -1.353458248400798780e+01 2.203789823818699915e+03 -1.004204614330027567e+01 7.388134970864088302e+01 -1.004204614330029166e+01 2.318102319207737310e+03
2.465154060122093142e+03 -2.137441916398055852e+01 -8.901862319201455875e+00 -2.137441916398054431e+01 2.242623083489798773e+03 3.813782631997970185e+01 -8.901862319201470086e+00 3.813782631997968764e+01 2.290541338873513723e+03
2.374225215556647527e+03 -1.068084074780750647e+01 -3.154842008078078308e+01 -1.068084074780751180e+01 2.252287525815059325e+03 -3.662733060289328435e+00 -3.154842008078074045e+01 -3.662733060289326659e+00 2.235882713750428138e+03
2.325198015601507905e+03 -3.633231773783796115e+01 -6.355888635749494853e+01 -3.633231773783791141e+01 2.273793848610879195e+03 1.963419249921778231e+01 -6.355888635749494853e+01 1.963419249921777521e+01 2.199902188897052383e+03
2.277488591651506795e+03 -2.785405327265747388e+01 -3.375216812295976609e+01 -2.785405327265749520e+01 2.296497345131670954e+03 -1.962028970009353301e+01 -3.375216812295976609e+01 -1.962028970009348683e+01 2.215536231354479241e+03
2.240367635995983164e+03 -2.984972865743103654e+01 -4.520032775110987444e+01 -2.984972865743103654e+01 2.293936232859859047e+03 -3.112565870108397093e+01 -4.520032775110989576e+01 -3.112565870108392829e+01 2.256819880317570551e+03
2.279268335809941163e+03 -2.999943635239669248e+01 -3.621038545477518511e+01 -2.999943635239670314e+01 2.333800484776242229e+03 -4.027376252767578535e+01 -3.621038545477515669e+01 -4.027376252767581377e+01 2.271272269415877872e+03
2.211565961355027412e+03 -1.740887084877599733e+01 -6.850748662695450264e+01 -1.740887084877598312e+01 2.242961047356897780e+03 -5.212423798850488765e+01 -6.850748662695451685e+01 -5.212423798850491607e+01 2.273143413146231069e+03
2.320431825072862011e+03 -2.607685303380914021e+01 -3.572818469175175693e+01 -2.607685303380916864e+01 2.232837733701219804e+03 -1.506475715847324004e+01 -3.572818469175178535e+01 -1.506475715847326136e+01 2.263393623068554916e+03
2.267729774202180579e+03 -1.358579620004402599e+01 -9.707954152624674293e+01 -1.358579620004400468e+01 2.281340949805762648e+03 2.959708556825009396e+01 -9.707954152624670030e+01 2.959708556825007975e+01 2.196506557556589996e+03
2.244141840212234456e+03 -8.273840914157899817e+01 -6.599479435095805968e+01 -8.273840914157894133e+01 2.275842797899200377e+03 5.303617890554111369e+01 -6.599479435095803126e+01 5.303617890554109948e+01 2.188001073569765595e+03
2.275614543121109364e+03 -9.873543367332985099e+01 -1.031841139981485185e+02 -9.873543367332987941e+01 2.164567987528641424e+03 3.872943631705117440e+01 -1.031841139981485327e+02 3.872943631705118861e+01 2.345239385260546442e+03
2.311145513156548986e+03 -4.373756030021726104e+01 -2.723468029909789934e+01 -4.373756030021721131e+01 2.253465656414402474e+03 2.825828313422947957e+01 -2.723468029909786736e+01 2.825828313422946536e+01 2.251048618283957239e+03
2.431671772116771081e+03 -6.010131559985315564e-01 -2.154434971830091072e+01 -6.010131559985327776e-01 2.263512688115380570e+03 5.427445634018533838e+01 -2.154434971830091783e+01 5.427445634018532417e+01 2.236439073402455051e+03
2.344764042640300886e+03 -3.910776875221281301e+01 -1.051584403422112786e+02 -3.910776875221278459e+01 2.225022571333122414e+03 -2.178869487850722919e+01 -1.051584403422112786e+02 -2.178869487850723630e+01 2.263056717210485203e+03
2.194914147470941771e+03 -2.828315467241808712e-01 -1.339825251211666455e+02 -2.828315467241870884e-01 2.363881159727106478e+03 -8.992794569330588672e+01 -1.339825251211667023e+02 -8.992794569330588672e+01 2.274404439479843859e+03
2.174485535441042430e+03 1.101298278119218566e+01 -2.571997035387848385e+01 1.101298278119220875e+01 2.345868799491990558e+03 1.603580612822414153e+01 -2.571997035387849451e+01 1.603580612822412732e+01 2.327944408503738941e+03
2.286287523399423208e+03 3.003765641955123300e+01 4.826062997635681917e+00 3.003765641955123300e+01 2.228416302067607830e+03 4.919329124372544015e+01 4.826062997635694352e+00 4.919329124372544015e+01 2.302165581684821518e+03
2.214147696089672536e+03 -1.539370180943548583e+01 -1.456024665744506308e+01 -1.539370180943548938e+01 2.250905047859699152e+03 -8.609053106294044966e+00 -1.456024665744504532e+01 -8.609053106294016544e+00 2.302873859169295429e+03
2.317680384701824551e+03 -9.423735897979788945e+01 1.957465091898902898e+01 -9.423735897979790366e+01 2.195557111748067200e+03 4.360421858129085848e+01 1.957465091898901477e+01 4.360421858129091532e+01 2.290161910337185418e+03
2.324116776257401398e+03 -1.184746039110696074e+02 -1.500750354842537426e+01 -1.184746039110695790e+02 2.175041511805508890e+03 -8.925056462799685164e+01 -1.500750354842537426e+01 -8.925056462799682322e+01 2.345839441688020543e+03
2.382163983961703252e+03 -1.419353636700341497e+02 1.672763638563064958e+01 -1.419353636700342065e+02 2.137440804461368771e+03 -6.151693550599794236e+01 1.672763638563067090e+01 -6.151693550599797078e+01 2.280425182258707537e+03
2.437311023471553654e+03 -1.123703041867466652e+02 7.217599769457789805e+00 -1.123703041867466368e+02 2.220276037299955533e+03 -1.519478303627265348e+02 7.217599769457804015e+00 -1.519478303627265348e+02 2.293844397586000014e+03
2.374746747155120374e+03 -7.948210629499543245e+01 -1.823169075827488328e+01 -7.948210629499541824e+01 2.317621567903738651e+03 -4.041148743097446072e+01 -1.823169075827486196e+01 -4.041148743097441098e+01 2.177622779497707143e+03
2.334766822583870180e+03 -4.919530340679398961e+01 6.335728476288398525e+01 -4.919530340679400382e+01 2.207237673311658909e+03 -1.020127513760554194e+02 6.335728476288395683e+01 -1.020127513760554336e+02 2.293369958602453607e+03
2.375200669399905109e+03 -3.756839970653276239e+00 1.536020039211421029e+01 -3.756839970653272243e+00 2.106980391200977010e+03 -9.965248420597768586e+01 1.536020039211423516e+01 -9.965248420597768586e+01 2.262041118403406927e+03
2.345039701999309727e+03 -3.295363752350233710e+01 -3.949967417204103981e+01 -3.295363752350234421e+01 2.117496670688288759e+03 -2.526889115167013955e+01 -3.949967417204103981e+01 -2.526889115167012534e+01 2.305376900838116853e+03
2.261969125581550543e+03 -1.960990017987618472e+01 -2.856216073484389639e+01 -1.960990017987618117e+01 2.178960405959023774e+03 -6.073254147608873410e+01 -2.856216073484391060e+01 -6.073254147608873410e+01 2.291974896532998628e+03
2.231000165654982993e+03 -4.783409506100164066e+01 -2.619566569812067058e+01 -4.783409506100164066e+01 2.355595726801382625e+03 -1.045717663400045581e+02 -2.619566569812064571e+01 -1.045717663400045012e+02 2.325249044290390884e+03
2.274598450551529368e+03 -3.339002381371954442e+01 4.726062738789728002e+01 -3.339002381371954442e+01 2.255973056773115331e+03 -8.814111379342644170e+01 4.726062738789727291e+01 -8.814111379342644170e+01 2.350856773397205416e+03
2.257386506404674492e+03 -3.512422863366369086e+01 1.801380689578659400e+01 -3.512422863366364822e+01 2.265185505757925966e+03 -6.082218217324599152e+01 1.801380689578659400e+01 -6.082218217324594889e+01 2.322657631245388984e+03
2.218626542456701827e+03 -1.254940556235156279e+01 2.673029682541993424e+01 -1.254940556235153082e+01 2.244780244597283399e+03 -1.476512808910561887e+02 2.673029682541996266e+01 -1.476512808910561887e+02 2.339973767769038659e+03
2.156963131951523792e+03 -2.119290978830354888e+00 7.675046188042288975e+01 -2.119290978830346894e+00 2.245305204191026405e+03 -1.647812788581555665e+01 7.675046188042288975e+01 -1.647812788581554955e+01 2.240011423483965245e+03
2.144019337042026564e+03 -2.449058599222181698e+01 5.058048794767749712e+01 -2.449058599222178501e+01 2.241891230288383667e+03 -3.630226348070299025e+01 5.058048794767749001e+01 -3.630226348070299025e+01 2.339895964481585452e+03
2.253788100388781004e+03 -7.024464174920160531e+01 2.695590321515480881e+01 -7.024464174920163373e+01 2.310596522094913325e+03 -3.322994166312437159e+01 2.695590321515481591e+01 -3.322994166312437159e+01 2.224929646070096624e+03
2.253618468157664665e+03 -7.204536886548110886e+01 3.762888424279130817e+01 -7.204536886548112307e+01 2.244325250945904827e+03 -7.718888990158424690e+01 3.762888424279127975e+01 -7.718888990158423269e+01 2.278712351110792952e+03
2.293139445499844896e+03 -1.872969710994356163e+01 6.521088405558093370e+01 -1.872969710994355452e+01 2.265616930637854239e+03 -7.194311307295953917e+00 6.521088405558093370e+01 -7.194311307295945923e+00 2.304707106032233696e+03
2.273702350035159725e+03 1.560064652660303075e+01 3.979656425276113652e+01 1.560064652660303430e+01 2.202272564357785996e+03 -5.577908735851497113e+01 3.979656425276113652e+01 -5.577908735851499245e+01 2.210573906154199904e+03
2.347257759425750010e+03 -3.293966929319463333e+01 2.196099515937780566e+01 -3.293966929319461912e+01 2.247354415664981389e+03 -4.449833081554696435e+01 2.196099515937781632e+01 -4.449833081554693592e+01 2.221980762458176287e+03
2.394494408749301783e+03 3.656742512024445091e+01 2.778614950175229126e+01 3.656742512024442249e+01 2.238869687268598227e+03 3.128001089854423356e+01 2.778614950175226639e+01 3.128001089854424066e+01 2.193908953032555019e+03
2.309464854351439953e+03 -1.732278664046689087e+01 -1.340332054045006771e+02 -1.732278664046687666e+01 2.180978271784955723e+03 7.752856938377519214e+00 -1.340332054045007339e+02 7.752856938377513885e+00 2.305265626709108346e+03
2.253554810085016470e+03 -2.279529958490216046e+01 -7.138859179148838052e+01 -2.279529958490215691e+01 2.243898475545429847e+03 -3.264972641167849332e+01 -7.138859179148836631e+01 -3.264972641167847911e+01 2.322410427703783171e+03
2.354209935762302393e+03 6.674685084047077943e+00 -2.519239940880040862e+01 6.674685084047113470e+00 2.280796343706956577e+03 2.091203484930466416e+01 -2.519239940880040152e+01 2.091203484930463929e+01 2.170202430532086055e+03
2.393638516878082100e+03 -7.305978668718444169e+01 1.125940694339399251e+01 -7.305978668718447011e+01 2.298180869631124551e+03 8.588438589953091196e+01 1.125940694339403159e+01 8.588438589953091196e+01 2.197470268497984762e+03
2.286414157987941053e+03 -1.071132650503571710e+02 1.497692121053577452e+01 -1.071132650503571710e+02 2.340872361776974685e+03 6.076095200425415044e+01 1.497692121053578873e+01 6.076095200425413623e+01 2.242401907997784292e+03
2.299117562936478407e+03 -1.039458892293659460e+02 2.033150402556912795e+01 -1.039458892293659460e+02 2.313183569297265421e+03 5.739471355476255354e+01 2.033150402556913150e+01 5.739471355476258196e+01 2.353341418090045863e+03
2.302688585761779905e+03 -1.059684493649925656e+02 7.309161910831792852e+01 -1.059684493649925372e+02 2.295330670385873873e+03 8.676060528940761074e+00 7.309161910831792852e+01 8.676060528940753969e+00 2.287353967048427421e+03
2.278350889001078940e+03 -4.770542553216862558e+01 2.638235698405377150e+01 -4.770542553216862558e+01 2.248297049482309376e+03 -5.439661717535362584e+01 2.638235698405373952e+01 -5.439661717535362584e+01 2.275491261935356761e+03
2.341507364784818947e+03 -7.661026828339028327e+01 1.419965667453333253e+02 -7.661026828339031169e+01 2.211336659872490600e+03 -1.619865486824746981e+01 1.419965667453333253e+02 -1.619865486824748047e+01 2.294971119818718762e+03
2.363649147302547590e+03 -1.406660145479729351e+02 1.442190496526490904e+02 -1.406660145479729636e+02 2.105364904271033993e+03 -3.021126635616414902e+01 1.442190496526491472e+02 -3.021126635616414902e+01 2.390947311226658258e+03
2.269197181657559213e+03 -2.673171775549520035e+01 1.043361286435563215e+02 -2.673171775549520390e+01 2.251155094451054993e+03 -4.057189924113419721e+00 1.043361286435562647e+02 -4.057189924113423274e+00 2.374448549571540752e+03
2.249131560684553733e+03 -3.408863686266874993e+01 9.235326412712205979e+01 -3.408863686266873572e+01 2.235626356608503556e+03 -2.866509317296459969e+01 9.235326412712205979e+01 -2.866509317296462100e+01 2.346354551396618717e+03
2.217180904422832100e+03 2.676893413632439689e+01 1.871310850694518280e+01 2.676893413632440399e+01 2.222323052272590303e+03 -4.116676343901880841e+01 1.871310850694518990e+01 -4.116676343901886526e+01 2.243513194959772136e+03
2.210018530922141508e+03 1.204500097199470332e+01 2.307037036312646450e+01 1.204500097199472641e+01 2.244258298729222588e+03 -5.155969316689230197e+01 2.307037036312646450e+01 -5.155969316689232329e+01 2.203906083785799638e+03
2.224046069080252437e+03 6.586647776954057676e+00 -2.234904602476458990e+01 6.586647776954094979e+00 2.202151007638373812e+03 7.266985039069073338e+00 -2.234904602476459345e+01 7.266985039069076002e+00 2.299824437147739445e+03
2.234458703933878496e+03 6.116572195316810401e+00 2.581665853917782272e+01 6.116572195316830829e+00 2.238364981807050754e+03 -4.285686078602844873e+01 2.581665853917783693e+01 -4.285686078602845583e+01 2.203919126364340173e+03
2.237964467600618264e+03 5.923641415601170479e+01 -1.359500583013537245e+01 5.923641415601170479e+01 2.324681070380800975e+03 -1.091203504674089260e+02 -1.359500583013537245e+01 -1.091203504674089544e+02 2.149067660784582131e+03
2.192750025877920052e+03 2.465099175315904390e+01 1.891691699419478567e+01 2.465099175315908653e+01 2.323964453821821735e+03 -1.073992476663430580e+02 1.891691699419477857e+01 -1.073992476663430864e+02 2.209296203079355564e+03
2.199440934818396272e+03 5.075002131413036466e+00 8.779250429473444228e+01 5.075002131413059558e+00 2.287737984669413436e+03 -1.076808819299517381e+02 8.779250429473447070e+01 -1.076808819299517666e+02 2.148975841607882558e+03
2.248430425385204217e+03 3.479335739545440731e+01 4.045693933125197361e+01 3.479335739545440731e+01 2.318540958277997106e+03 -3.929983922012414155e+01 4.045693933125194519e+01 -3.929983922012410602e+01 2.155037644963174898e+03
2.271215073774391840e+03 -3.136468031144579172e+01 4.065544810088610461e+01 -3.136468031144578461e+01 2.286355605165512316e+03 -1.169050868765864521e+02 4.065544810088607619e+01 -1.169050868765864664e+02 2.370945394775755176e+03
2.212956268863808873e+03 -4.633046503976086683e+01 6.787238083765379315e+01 -4.633046503976086683e+01 2.278640186608419299e+03 -4.284029964504924948e+01 6.787238083765380736e+01 -4.284029964504926369e+01 2.293850619779389490e+03
2.204818388454443721e+03 -3.840557951922764346e+01 1.126185669212998022e+02 -3.840557951922764346e+01 2.334055187210360600e+03 -1.043999857017018087e+02 1.126185669212998590e+02 -1.043999857017018513e+02 2.278082909516607288e+03
2.283229812546209359e+03 -1.792329654804226280e+01 7.549008492728061981e+01 -1.792329654804225569e+01 2.302764087704085341e+03 -1.337293517562319209e+02 7.549008492728061981e+01 -1.337293517562319209e+02 2.319776300836870178e+03
2.423105983988259140e+03 -1.041832976175661543e+02 5.704798562829164865e+01 -1.041832976175661258e+02 2.311580091617387097e+03 -1.048241934861798512e+02 5.704798562829167707e+01 -1.048241934861798654e+02 2.242084786823418199e+03
2.430315938103085500e+03 -1.220640602713646956e+02 1.155238778888152353e+02 -1.220640602713647382e+02 2.363116751553672202e+03 -4.336679274987619692e+01 1.155238778888151785e+02 -4.336679274987623955e+01 2.143927333179807192e+03
2.263048511166484332e+03 -2.913867608031442202e+01 9.114669115331464866e+01 -2.913867608031441847e+01 2.391299097509185231e+03 -4.807717923732916887e+01 9.114669115331467708e+01 -4.807717923732916177e+01 2.213353208220657507e+03
2.275684969623552661e+03 -7.016883877781094725e+01 6.409746164197861162e+01 -7.016883877781097567e+01 2.411267837969991433e+03 -3.341822296206447884e+00 6.409746164197861162e+01 -3.341822296206423015e+00 2.249333810772061952e+03
2.311528596107933936e+03 -8.884911175743700085e+01 3.641541079789965352e+01 -8.884911175743698664e+01 2.386276873411669840e+03 -1.003427295254330716e+02 3.641541079789966773e+01 -1.003427295254330431e+02 2.299018026310054665e+03
2.293892340868113934e+03 -3.671692552715150981e+01 3.422375873850141659e+01 -3.671692552715153113e+01 2.314492231406544761e+03 -7.445068555617572770e+01 3.422375873850143080e+01 -7.445068555617577033e+01 2.311636432006767791e+03
2.225985532739208338e+03 -1.828911127521994828e+01 6.660933183516897316e+01 -1.828911127521994828e+01 2.320205823327882626e+03 -5.166493911375977177e+01 6.660933183516898737e+01 -5.166493911375978598e+01 2.364079082854370881e+03
2.205141370608902889e+03 -6.151447009247726072e+01 1.178694305848746495e+02 -6.151447009247726072e+01 2.327103309420855567e+03 -4.343002180452929650e+01 1.178694305848746495e+02 -4.343002180452925387e+01 2.366301052455811714e+03
2.263962827344635116e+03 -4.339116028963572091e+01 1.582574351044371213e+02 -4.339116028963566407e+01 2.368671722688609862e+03 -3.205657804447807280e+01 1.582574351044371497e+02 -3.205657804447805859e+01 2.341421457605494197e+03
2.216934087298941904e+03 3.032812210166007105e+00 1.103444642060603513e+02 3.032812210166009770e+00 2.405927755623688427e+03 1.015838696560548868e+02 1.103444642060603513e+02 1.015838696560548300e+02 2.356296647963644773e+03
2.252030080126147823e+03 6.225464268224477138e+01 1.114381340216054213e+02 6.225464268224471454e+01 2.416888359803395360e+03 1.250448563922755341e+02 1.114381340216054213e+02 1.250448563922755625e+02 2.392132661197575544e+03
2.344436219155760682e+03 2.456085169605372087e+01 5.017860170392716412e+01 2.456085169605375640e+01 2.349093110409548444e+03 9.862549074352956779e+01 5.017860170392719255e+01 9.862549074352955358e+01 2.446451281702962660e+03
2.265395524654516976e+03 3.225799487553714329e+01 1.138856789586725426e+01 3.225799487553714329e+01 2.452946074313939789e+03 4.908001193329454281e+01 1.138856789586726670e+01 4.908001193329455702e+01 2.452229932881449713e+03
2.232013126942620147e+03 -2.630497394943805745e+01 1.064738412411192598e+02 -2.630497394943809653e+01 2.464972118537260940e+03 5.349054355574584463e+01 1.064738412411192172e+02 5.349054355574585884e+01 2.420946550611664861e+03
2.238548982066312874e+03 -2.402822851890568145e+01 5.498594942766227689e+01 -2.402822851890566014e+01 2.386855469515233835e+03 5.543802057790473725e+01 5.498594942766228399e+01 5.543802057790473725e+01 2.489942239093427361e+03
2.367290635195857703e+03 -1.556174940226991232e+01 5.531803314417482653e+01 -1.556174940226988390e+01 2.418934042545203738e+03 8.810032508992030387e+01 5.531803314417485495e+01 8.810032508992030387e+01 2.428484563429534774e+03
2.328350973434484786e+03 1.061276126068688086e+01 -2.518439323981269684e-01 1.061276126068684889e+01 2.383021168595040308e+03 -4.383084878653090044e+00 -2.518439323981715994e-01 -4.383084878653036753e+00 2.348634648403663505e+03
2.388380961199837657e+03 -2.875771283297247649e+01 7.252144811147282155e+01 -2.875771283297246939e+01 2.431563830860762664e+03 7.535196296844399910e+01 7.252144811147282155e+01 7.535196296844401331e+01 2.489601185848693149e+03
2.401918435758613214e+03 6.030370448663911276e+01 8.607307904902909002e+01 6.030370448663905592e+01 2.443578097084729052e+03 1.597792136326402002e+01 8.607307904902906159e+01 1.597792136326399159e+01 2.281075935208213195e+03
2.341295577843952742e+03 -7.757206934443436452e+00 2.166203990965247783e+01 -7.757206934443450663e+00 2.539820442498948978e+03 1.017129804828834096e+02 2.166203990965248138e+01 1.017129804828834239e+02 2.307669781945285649e+03
2.426359996149753442e+03 1.074906361474612826e+00 5.462929597859484687e+01 1.074906361474587957e+00 2.371179175286289137e+03 9.469072294664671574e+01 5.462929597859487529e+01 9.469072294664668732e+01 2.317787251454129091e+03
2.395289555205498800e+03 2.440794353850388987e+01 7.988482955742315994e+01 2.440794353850387566e+01 2.466268976386978011e+03 8.598920032800498348e+01 7.988482955742318836e+01 8.598920032800495505e+01 2.290141040511327901e+03
2.461319773481306584e+03 5.321602305524795185e+01 2.522685750035940799e+01 5.321602305524798737e+01 2.450289460775085900e+03 5.630260765958897906e+01 2.522685750035943641e+01 5.630260765958897906e+01 2.277135283389747201e+03
2.357249391267652754e+03 1.715645777818854611e+01 5.655117418483241210e+01 1.715645777818854967e+01 2.429684770761305117e+03 3.439270363318603785e+01 5.655117418483236946e+01 3.439270363318603785e+01 2.322940648793806304e+03
2.372063117097508439e+03 2.654128881045123123e+01 4.324346717272571539e+01 2.654128881045123123e+01 2.366244908721900174e+03 3.670302964086364028e+01 4.324346717272571539e+01 3.670302964086364739e+01 2.370945326646804460e+03
2.282710755790369149e+03 2.107178179337449464e+01 -1.346414475248243203e-01 2.107178179337450885e+01 2.440589649904482940e+03 6.545472916334917102e+01 -1.346414475248380871e-01 6.545472916334917102e+01 2.380335861018693777e+03
2.280859004887606261e+03 7.622305703322703607e+01 -9.462702790472604875e+00 7.622305703322713555e+01 2.514917069517396612e+03 3.951662612973412791e+01 -9.462702790472651060e+00 3.951662612973414213e+01 2.289021046849553386e+03
2.383535435765668808e+03 3.785395603183634705e+01 -3.461119422722767780e+01 3.785395603183633284e+01 2.445775621997762300e+03 3.895161476237265674e+01 -3.461119422722767780e+01 3.895161476237265674e+01 2.323411236714287043e+03
2.258578497315530058e+03 2.381141562721089855e+01 2.964430693565459052e+01 2.381141562721091987e+01 2.512445421349931166e+03 3.451876615882807897e+01 2.964430693565456210e+01 3.451876615882806476e+01 2.380749937932287594e+03
2.303744749409399446e+03 -7.844912749626827164e+00 -1.950622109926633740e+01 -7.844912749626795190e+00 2.519892850931106295e+03 1.218017398154455861e+02 -1.950622109926637293e+01 1.218017398154456572e+02 2.394773912252140690e+03
2.275938329973433156e+03 -4.841813709844054614e+01 -7.771894778793671321e+01 -4.841813709844054614e+01 2.532671174762266673e+03 8.807478760515530780e+01 -7.771894778793671321e+01 8.807478760515533622e+01 2.392144153962413384e+03
2.355416851602067709e+03 -7.778206256213432823e+01 -8.464871450375872541e+01 -7.778206256213429981e+01 2.484912027156624845e+03 5.817786571542926310e+01 -8.464871450375872541e+01 5.817786571542927732e+01 2.368316237229161288e+03
2.380576069052693128e+03 -7.083516236090338225e+01 -2.476743321186213365e+01 -7.083516236090341067e+01 2.529727633917612820e+03 -5.202960673269553027e+00 -2.476743321186210878e+01 -5.202960673269574343e+00 2.433625444589060862e+03
2.316461867268661990e+03 -1.226616664943911985e+02 -2.194206143821775612e+01 -1.226616664943911985e+02 2.475546602671206529e+03 3.671986805176133739e+00 -2.194206143821777033e+01 3.671986805176172375e+00 2.329383376013139241e+03
2.410201099140168935e+03 -8.332075227674498308e+01 -5.094185268863203220e+00 -8.332075227674501150e+01 2.444465725054389623e+03 -2.519980921781707650e+01 -5.094185268863204996e+00 -2.519980921781713334e+01 2.452143911537591521e+03
2.425144518798918853e+03 -1.200459847354745335e+01 -1.706788581110071945e+01 -1.200459847354744980e+01 2.527498155567864615e+03 -2.467591030674598329e+01 -1.706788581110071945e+01 -2.467591030674596553e+01 2.394968515407550058e+03
2.393326694298198163e+03 -3.188063281792826942e+00 6.635450193001609875e+01 -3.188063281792775427e+00 2.415313296359164724e+03 -8.673394091656888349e+01 6.635450193001609875e+01 -8.673394091656891192e+01 2.478998288769112150e+03
2.358413113630755106e+03 -8.762673055228133023e+01 9.577139270791137449e+01 -8.762673055228131602e+01 2.512238124241448077e+03 -6.587084525855628669e+01 9.577139270791144554e+01 -6.587084525855631512e+01 2.475584525036988452e+03
2.317092375740463467e+03 -1.276109821551880330e+01 4.539047273740968080e+01 -1.276109821551880685e+01 2.506383259968588845e+03 -5.856354333364222953e+01 4.539047273740966659e+01 -5.856354333364225795e+01 2.406368223950743413e+03
2.280319104956123283e+03 -5.477120583341215365e+01 -5.122581822558802145e+01 -5.477120583341215365e+01 2.376942119745847322e+03 -4.173573006619175629e+01 -5.122581822558797882e+01 -4.173573006619176340e+01 2.565913642086940854e+03
2.277853059968774687e+03 -7.080974899494509600e+01 -2.071420917686253915e+01 -7.080974899494506758e+01 2.374150500319425646e+03 6.130344397832042347e+01 -2.071420917686253915e+01 6.130344397832040926e+01 2.640699587917575627e+03
2.338285236749222349e+03 -7.717295597849150113e+01 -4.511277787476760892e+00 -7.717295597849151534e+01 2.384465374935090495e+03 2.225557872074564258e+01 -4.511277787476741352e+00 2.225557872074561772e+01 2.586882801173807366e+03
2.307671624626667835e+03 -3.268467823182459142e+01 2.846243770232869608e+01 -3.268467823182457721e+01 2.415240151873058039e+03 5.764548984125139697e+01 2.846243770232865344e+01 5.764548984125139697e+01 2.428943631794471457e+03
2.293024766821207777e+03 5.078577940469571672e+00 -7.251532447965351480e+01 5.078577940469553909e+00 2.381909924012872580e+03 1.304304304727931765e+02 -7.251532447965350059e+01 1.304304304727932049e+02 2.496192935093081815e+03
2.247457613315285926e+03 4.865231356280988706e+01 -7.286906378608706802e+01 4.865231356280990838e+01 2.478989099516138140e+03 8.817039057516697653e+01 -7.286906378608709645e+01 8.817039057516697653e+01 2.497613902039293862e+03
2.338273135595126860e+03 -4.180094433529448317e+00 -1.520300288056661202e+02 -4.180094433529433218e+00 2.517744509331130303e+03 5.328623770209722466e+01 -1.520300288056660918e+02 5.328623770209727439e+01 2.378472850914633455e+03
2.405259208541213411e+03 4.351314839338613893e+01 -1.163390883332906469e+02 4.351314839338614604e+01 2.583432244268931299e+03 1.565357335440167219e+01 -1.163390883332906611e+02 1.565357335440168463e+01 2.374095051635241816e+03
2.461751825184473546e+03 -4.475704271346953078e+01 -4.813509988124671679e+01 -4.475704271346951657e+01 2.474945022345815232e+03 -2.465895428619146657e+01 -4.813509988124673100e+01 -2.465895428619146657e+01 2.386709529675454178e+03
2.432307169244094439e+03 -1.172414709442865544e+01 -1.025522525093562791e+02 -1.172414709442869096e+01 2.482756496735479686e+03 3.440166933883701716e+01 -1.025522525093562081e+02 3.440166933883699585e+01 2.373644253103419032e+03
2.484531893019663585e+03 -4.088324481633303265e+01 -1.092099382369538176e+02 -4.088324481633307528e+01 2.451724567550329994e+03 2.188990648777451753e+01 -1.092099382369538461e+02 2.188990648777450332e+01 2.394160996436727146e+03
2.450707816773449849e+03 5.467892714888233918e+00 -1.199114490702781950e+02 5.467892714888248129e+00 2.433015163091647992e+03 -4.265244403033305787e+01 -1.199114490702781950e+02 -4.265244403033305787e+01 2.289046730946410662e+03
2.332694945969442415e+03 -4.784290576715191179e+01 -1.096973205222545147e+02 -4.784290576715191179e+01 2.462162442129788360e+03 -2.186346470708954115e+01 -1.096973205222545289e+02 -2.186346470708954115e+01 2.299318017314342796e+03
2.324366763000468382e+03 -8.420935902344244539e+01 -2.123051522236714561e+02 -8.420935902344250223e+01 2.495708138606933517e+03 1.257494163012526123e+01 -2.123051522236714845e+02 1.257494163012527544e+01 2.354392367524746987e+03
2.335736746768429384e+03 9.771496355348512353e+00 -1.559730344353809528e+02 9.771496355348491036e+00 2.436407728661145484e+03 8.158012744974675456e+01 -1.559730344353809244e+02 8.158012744974678299e+01 2.465565763800034802e+03
2.386116971313238082e+03 4.966894080107832110e+01 -1.355802148149928712e+02 4.966894080107833531e+01 2.430037199605829755e+03 5.612978133181944429e+01 -1.355802148149928428e+02 5.612978133181941587e+01 2.534607362834690321e+03
2.298589755625433099e+03 -4.511064502209030991e+01 -2.678841652684593910e+01 -4.511064502209025306e+01 2.444968674477988316e+03 7.145440135680146021e+00 -2.678841652684594976e+01 7.145440135680146021e+00 2.466829247028171267e+03
2.466743975576199318e+03 -1.814288617389365754e+01 1.723153555670516113e+01 -1.814288617389362912e+01 2.406679799790792458e+03 -8.519281118546784626e+01 1.723153555670516113e+01 -8.519281118546787468e+01 2.470271114863710409e+03
2.344915237788776722e+03 -1.167069757280718534e+01 2.110588205064495071e+00 -1.167069757280717113e+01 2.400208367277467914e+03 2.454981387502773416e+01 2.110588205064498180e+00 2.454981387502775902e+01 2.433897960632369177e+03
2.357897021251348178e+03 -4.481489339042371256e+01 -2.171713023832107936e+01 -4.481489339042369835e+01 2.321631929533824859e+03 4.640560945885719235e+01 -2.171713023832107581e+01 4.640560945885720656e+01 2.474502621380347591e+03
2.354124943295516005e+03 -1.108374829561709518e+01 -1.267086725604150388e+01 -1.108374829561707209e+01 2.422093126841700268e+03 -2.919647447980995736e+00 -1.267086725604150388e+01 -2.919647447981023269e+00 2.425973288339319879e+03
2.285478554589802116e+03 4.545528698803065737e+01 2.137239520716920893e+01 4.545528698803067869e+01 2.416587198006850031e+03 1.183328631189028215e+02 2.137239520716922314e+01 1.183328631189028215e+02 2.485600706594774238e+03
2.411781406720160703e+03 6.896077969895698345e+01 3.867040060252077183e+01 6.896077969895701187e+01 2.487002406808316664e+03 3.730388703898629643e+01 3.867040060252075762e+01 3.730388703898629643e+01 2.372199988876688167e+03
2.338776429278914748e+03 1.184539057460049527e+01 1.297240859730646179e+01 1.184539057460046685e+01 2.442538109686184725e+03 1.795680713431496756e+01 1.297240859730646534e+01 1.795680713431496045e+01 2.342262500276213359e+03
2.384418652786706389e+03 -5.958846941848131351e+00 -1.592271725181541253e+00 -5.958846941848166878e+00 2.494274698115060801e+03 -2.639664407079600394e+01 -1.592271725181492181e+00 -2.639664407079600394e+01 2.395628594949237140e+03
2.389588122099929024e+03 -7.838974068993373123e+01 -1.710133247269866530e+01 -7.838974068993370281e+01 2.373916610533951825e+03 -3.864538069686503263e+01 -1.710133247269868662e+01 -3.864538069686503974e+01 2.315195120078823948e+03
2.460974560085692247e+03 -2.820262010652241003e+01 -5.350377105277037515e+01 -2.820262010652241713e+01 2.404108254615270198e+03 6.873857001445132120e+00 -5.350377105277040357e+01 6.873857001445133896e+00 2.397809671122894997e+03
2.425938728669827015e+03 6.656372813607459804e+00 -3.839580305456588682e+00 6.656372813607490002e+00 2.447775475659435415e+03 -5.429353781474182483e+01 -3.839580305456570031e+00 -5.429353781474188878e+01 2.371254461422037366e+03
2.318399590045087734e+03 -1.049492256245535771e+02 -1.370659471282233977e+00 -1.049492256245535771e+02 2.447693956138044996e+03 -4.200659216028646625e+01 -1.370659471282269060e+00 -4.200659216028646625e+01 2.359015112253897314e+03
2.397391641129309392e+03 -4.820653091616507879e+01 2.209412035819273612e+01 -4.820653091616512143e+01 2.331078363019073095e+03 -3.750100301502269673e+01 2.209412035819272191e+01 -3.750100301502269673e+01 2.378784489038480842e+03
2.468679232639301063e+03 1.989616267109020242e+01 2.545778745172932389e+01 1.989616267109019532e+01 2.401192178721308665e+03 -1.539546261077750522e+01 2.545778745172930968e+01 -1.539546261077752654e+01 2.386415434142594677e+03
2.443146239531445190e+03 -3.392331176640772128e+01 2.279968300193782493e+00 -3.392331176640772838e+01 2.427277301060465106e+03 -7.453119052051449955e+01 2.279968300193790487e+00 -7.453119052051454219e+01 2.410684613762971367e+03
2.411604407571571755e+03 -4.070446284509423407e+01 -2.910816798863902122e+01 -4.070446284509423407e+01 2.411679857588970208e+03 -7.937526589709732150e+01 -2.910816798863901411e+01 -7.937526589709733571e+01 2.381898022128919820e+03
2.412272999510512818e+03 -3.167834126381017867e+01 3.119415125824603052e+01 -3.167834126381015736e+01 2.438333702147875556e+03 -3.770792565764030257e+01 3.119415125824603052e+01 -3.770792565764028836e+01 2.351921866400116414e+03
2.384704600187884353e+03 -5.379320059779371377e+01 5.842545042563381941e+01 -5.379320059779371377e+01 2.533057115015833915e+03 4.117713848421686151e+01 5.842545042563379099e+01 4.117713848421686151e+01 2.306459224653291130e+03
2.392887822661731207e+03 3.195593887699866187e+01 -2.490018869703524373e+01 3.195593887699864055e+01 2.427383175388320979e+03 2.778858465982632353e+01 -2.490018869703525084e+01 2.778858465982633774e+01 2.304361189176864173e+03
2.377113014398270934e+03 -2.088552500325222638e+01 -4.101802312662371719e+01 -2.088552500325219086e+01 2.434330661911636071e+03 4.978167159345762371e+01 -4.101802312662369587e+01 4.978167159345759529e+01 2.388904622268226376e+03
2.370926527845289911e+03 -9.751421603298318530e+00 3.062638769023343599e+01 -9.751421603298322083e+00 2.359464990066488554e+03 1.283336629912129467e+01 3.062638769023349994e+01 1.283336629912125204e+01 2.304317791612863857e+03
2.286547943046067303e+03 4.150098713535110306e+01 6.360686594927587123e+01 4.150098713535110306e+01 2.499219185589191966e+03 -2.914644423004996909e+01 6.360686594927584281e+01 -2.914644423005002238e+01 2.339265859714324961e+03
2.374853763864784014e+03 1.368075736042191011e+02 -6.649296868815042671e+00 1.368075736042191011e+02 2.398467194374219616e+03 -3.428464602818850437e+01 -6.649296868815052441e+00 -3.428464602818853280e+01 2.396218639116436862e+03
2.243091706063944457e+03 1.041635563811619107e+02 2.847501654235639990e+01 1.041635563811619107e+02 2.404849923040358590e+03 -3.221036752453058938e+01 2.847501654235639990e+01 -3.221036752453057517e+01 2.390685692561191445e+03
2.261919211384165465e+03 5.719310670773146654e+01 4.376303456461538843e+01 5.719310670773150918e+01 2.393325402926919196e+03 -6.594896286192411594e+01 4.376303456461538843e+01 -6.594896286192411594e+01 2.415775710131368669e+03
2.322745414009587876e+03 8.972137205680382976e+00 2.344089303428065918e+01 8.972137205680352778e+00 2.310258623842599263e+03 -8.714722492660402509e+01 2.344089303428066273e+01 -8.714722492660399666e+01 2.431590953948905735e+03
2.250843512810740776e+03 1.158558621305023451e+02 -2.352959516971381149e+01 1.158558621305023451e+02 2.347177383490451120e+03 -9.548535761931387356e+01 -2.352959516971381149e+01 -9.548535761931391619e+01 2.362139376375655047e+03
2.310091423938267326e+03 2.799889105438955994e+01 2.797022839222194790e+01 2.799889105438957415e+01 2.343396947367259145e+03 -1.061626163814973864e+02 2.797022839222196211e+01 -1.061626163814973864e+02 2.334434940800897493e+03
2.342851373442456861e+03 4.282327746958585379e+01 3.041327141948616841e+01 4.282327746958586800e+01 2.306173336965753606e+03 -8.756543326247808068e+01 3.041327141948617907e+01 -8.756543326247808068e+01 2.319658984950955983e+03
2.298493427310787865e+03 3.127921879484482304e+01 2.134065591196906908e+01 3.127921879484480883e+01 2.278477019073755400e+03 3.514940105713547780e+01 2.134065591196903355e+01 3.514940105713548490e+01 2.353893520124910538e+03
2.356801450895138260e+03 2.275870689291354410e+01 -1.646744117872197677e+01 2.275870689291352633e+01 2.248381795431903356e+03 3.621022036102998953e+01 -1.646744117872200519e+01 3.621022036102999664e+01 2.360327380643192555e+03
2.334314714784584794e+03 2.031991094911636608e+01 -5.292648382399893592e+01 2.031991094911637674e+01 2.367596704709495498e+03 2.879487043087370068e+01 -5.292648382399895013e+01 2.879487043087371489e+01 2.329203367703752519e+03
2.220172140381746431e+03 3.519570240416931739e+01 -1.106424054678585911e+01 3.519570240416931028e+01 2.392249447935611443e+03 5.356643573530006819e+01 -1.106424054678586621e+01 5.356643573530009661e+01 2.318648930072517487e+03
2.363169633028252974e+03 6.976155065538731037e+01 -1.596226597143877655e+02 6.976155065538729616e+01 2.348182512375947681e+03 6.599134582574703245e+01 -1.596226597143877655e+02 6.599134582574701824e+01 2.318728956344329617e+03
2.333182510707428719e+03 -4.581413434531261686e+01 -9.709591240915860055e+01 -4.581413434531263107e+01 2.249792891451595551e+03 1.523022160893864623e+02 -9.709591240915865740e+01 1.523022160893864907e+02 2.322258363795369405e+03
2.299888454200124215e+03 -1.156880704672217348e+02 -6.275353539895757393e+01 -1.156880704672217632e+02 2.273497864307359578e+03 4.151383996702784884e+01 -6.275353539895753130e+01 4.151383996702780621e+01 2.327522129991885777e+03
2.269699123918109308e+03 -7.077309593174838653e+01 -2.972827099206638124e+01 -7.077309593174837232e+01 2.319638243420328308e+03 -5.591516779236236090e+01 -2.972827099206638124e+01 -5.591516779236236090e+01 2.360348241356976814e+03
2.331338946295452843e+03 -7.436200905244665371e-01 1.358494755238308649e+01 -7.436200905244709780e-01 2.302694527726296656e+03 -2.228476393490463892e+01 1.358494755238309715e+01 -2.228476393490463892e+01 2.315390555677220163e+03
2.274997426611252195e+03 -7.028246168224935531e+00 3.474280388423904498e+01 -7.028246168224956847e+00 2.306366810639668984e+03 1.804423016658632406e+01 3.474280388423905919e+01 1.804423016658632406e+01 2.338045956825091707e+03
2.316949244393129447e+03 -5.561515977886341666e+00 2.186962786354825994e+01 -5.561515977886321238e+00 2.224687752185694990e+03 1.704062884202719985e+01 2.186962786354825283e+01 1.704062884202717143e+01 2.372308706624613933e+03
2.290577767111367393e+03 3.809438372745515267e+01 -2.081454230844196829e+01 3.809438372745513846e+01 2.272290459406377522e+03 -1.170131680020476672e+01 -2.081454230844193987e+01 -1.170131680020476672e+01 2.382740770983930361e+03
2.366902486780294566e+03 1.007817428803687676e+02 -1.046578716676594212e+01 1.007817428803687960e+02 2.249771578630082786e+03 1.026174280926386650e+01 -1.046578716676591014e+01 1.026174280926389493e+01 2.342940597353442172e+03
2.238993005110869490e+03 4.338816416098872253e+01 1.267572137147379436e+02 4.338816416098872253e+01 2.241953484784441116e+03 2.234884536357204965e+01 1.267572137147379578e+02 2.234884536357205675e+01 2.316017182986001899e+03
2.256802352541535129e+03 9.008004896006340800e+01 7.051625267829076904e+01 9.008004896006342221e+01 2.320920401314878745e+03 1.472361630349765527e+01 7.051625267829075483e+01 1.472361630349766237e+01 2.315552428600611165e+03
2.206632882921840519e+03 4.580784895066318541e+01 1.351052609513725429e+02 4.580784895066318541e+01 2.369050620073740902e+03 5.524994472104702226e+01 1.351052609513725713e+02 5.524994472104700804e+01 2.284461555620774107e+03
2.367943580910895889e+03 4.943564120742217227e+01 1.244702898152818271e+01 4.943564120742217938e+01 2.159305033756147168e+03 7.809760603063418216e+01 1.244702898152816672e+01 7.809760603063421058e+01 2.255748596256843030e+03
2.393673314463443603e+03 5.444308692798947646e+01 -6.952007544870495437e+00 5.444308692798945515e+01 2.153922092660044200e+03 2.999847040070747894e+01 -6.952007544870506095e+00 2.999847040070750026e+01 2.343556399187518764e+03
2.318253431846062085e+03 2.063970206603522328e+01 -2.688071124204018503e+01 2.063970206603522684e+01 2.182865118872123276e+03 1.341232574216466844e+01 -2.688071124204019213e+01 1.341232574216464002e+01 2.258254913042637327e+03
2.227599695241390691e+03 -1.968098594370518040e+00 4.682543314510812849e+01 -1.968098594370507382e+00 2.194733963800652873e+03 2.978912553547176856e+01 4.682543314510812849e+01 2.978912553547176856e+01 2.344797261901676848e+03
2.221719275528495018e+03 -5.175266915797710254e+01 -6.283723295827046940e+01 -5.175266915797703149e+01 2.262835564798117048e+03 5.644430054206792136e+01 -6.283723295827046940e+01 5.644430054206789293e+01 2.323147767471624775e+03
2.293504043077320148e+03 7.272747784640538171e+00 -1.330841614883740363e+02 7.272747784640523960e+00 2.263953880200653202e+03 1.312373113663030111e+00 -1.330841614883740363e+02 1.312373113663012347e+00 2.343764970112436458e+03
2.318118731398989894e+03 -2.734912652843664560e+01 -1.219559210890328949e+01 -2.734912652843662428e+01 2.267018913886091013e+03 -8.723689203295241157e+01 -1.219559210890326106e+01 -8.723689203295242578e+01 2.241650185806079207e+03
2.293624390354349543e+03 4.479908862532306557e+01 -1.396455162337877809e+01 4.479908862532306557e+01 2.324397354800744324e+03 4.780599205450679534e+01 -1.396455162337880118e+01 4.780599205450678113e+01 2.298561200389884107e+03
2.232637239485666214e+03 -5.229271920687114061e+01 -6.377536506088816282e+01 -5.229271920687112640e+01 2.332269697301951055e+03 6.248827043724598695e+01 -6.377536506088816282e+01 6.248827043724597274e+01 2.243896817061447109e+03
2.205612417889308745e+03 2.081011328091768320e+01 -4.780179633185066734e+01 2.081011328091769741e+01 2.248689986825732831e+03 4.728453179266278283e+01 -4.780179633185066734e+01 4.728453179266278283e+01 2.290554640806398766e+03
2.356989854003361415e+03 1.226800679182809617e+01 -1.779145908110620056e+01 1.226800679182809617e+01 2.258530258394088378e+03 1.028792359712171134e+01 -1.779145908110617569e+01 1.028792359712170956e+01 2.203680591391251710e+03
2.310499054938360132e+03 -8.981014438443051517e+01 2.668592592930800755e+00 -8.981014438443045833e+01 2.296727738917038096e+03 4.423349784030151710e+01 2.668592592930825624e+00 4.423349784030154552e+01 2.278844555493620646e+03
2.328360001559243756e+03 3.322938521559500913e+01 9.490885884758126778e+00 3.322938521559500913e+01 2.311732202078074351e+03 4.304158708004302980e+01 9.490885884758101909e+00 4.304158708004303691e+01 2.251164214176017595e+03
2.347738318445887671e+03 2.749674007016615462e+01 -3.406295053533567341e+01 2.749674007016614041e+01 2.261007836791389764e+03 8.424585628219853106e+01 -3.406295053533566630e+01 8.424585628219851685e+01 2.140410427165900728e+03
2.365214151231504275e+03 8.400455047034186862e+01 -1.098769841123067863e+02 8.400455047034188283e+01 2.281408328000793517e+03 3.248261590761245543e+01 -1.098769841123067579e+02 3.248261590761246964e+01 2.245651297854156837e+03
2.387495741498535608e+03 1.096808521785574797e+01 -7.650062451908830496e+01 1.096808521785575508e+01 2.300844787459739564e+03 -1.207195164730877224e+01 -7.650062451908827654e+01 -1.207195164730875447e+01 2.170533522641220770e+03
2.311207259926165989e+03 1.626402426161402843e+02 -4.742091795643352015e+01 1.626402426161403696e+02 2.314143914452027275e+03 8.078454582855380295e+01 -4.742091795643350594e+01 8.078454582855378874e+01 2.150788678768597947e+03
2.426373426768464469e+03 7.734868243824031708e+01 -3.687881154868373557e+01 7.734868243824035972e+01 2.237978941756892709e+03 -3.746462817809419032e+00 -3.687881154868372136e+01 -3.746462817809402157e+00 2.268655931213716485e+03
2.435304299950253608e+03 -2.544565679267807923e+01 -8.228808124752808340e+01 -2.544565679267806502e+01 2.324632008681739990e+03 -8.163319941286978576e+00 -8.228808124752805497e+01 -8.163319941286959036e+00 2.251032834277214533e+03
2.351233158674810511e+03 -3.845531384468064751e+00 -3.860143184821282603e+01 -3.845531384468046099e+00 2.329663370396003756e+03 5.062523880729695236e+01 -3.860143184821279760e+01 5.062523880729693815e+01 2.310718340746417653e+03
2.371566597423190160e+03 3.611332008367462265e+01 6.108035764519821775e+00 3.611332008367462265e+01 2.338939663949567148e+03 8.178650877180902512e+01 6.108035764519787136e+00 8.178650877180898249e+01 2.273059006647193655e+03
2.405428265229054432e+03 2.985407337902332614e+01 6.705825897065790464e+00 2.985407337902332969e+01 2.246557774833284384e+03 3.856453699790895939e+01 6.705825897065815333e+00 3.856453699790898071e+01 2.328908929492634343e+03
2.456681505982636281e+03 3.448468695729429356e+01 -7.631156586518778795e+01 3.448468695729426514e+01 2.258883193753882551e+03 3.100517404658812737e+01 -7.631156586518775953e+01 3.100517404658812026e+01 2.318717283834781483e+03
2.394094807561569723e+03 -1.087409548652277635e+01 -7.178154950572877624e+01 -1.087409548652280478e+01 2.303261107082978924e+03 8.640673585996395900e+01 -7.178154950572874782e+01 8.640673585996393058e+01 2.313785489521076670e+03
2.404212911465821435e+03 -2.449731304770930507e+01 -9.032811743662892923e+01 -2.449731304770931217e+01 2.292987227104848898e+03 -1.055521526205241400e+01 -9.032811743662890080e+01 -1.055521526205241045e+01 2.316941867754968371e+03
2.461211846280790724e+03 -7.328092222688339064e+01 -1.332753006256970423e+02 -7.328092222688337642e+01 2.325225258956677408e+03 1.083209082703901629e+02 -1.332753006256971275e+02 1.083209082703901629e+02 2.236499923800542092e+03
2.335734446913184001e+03 -7.862464250486166861e+01 -7.548901707771292990e+01 -7.862464250486164019e+01 2.427899838983886184e+03 1.026941495667838211e+02 -7.548901707771290148e+01 1.026941495667838211e+02 2.265122123105062201e+03
2.319175254990977919e+03 1.339915982386740190e+01 2.248643412137537467e+01 1.339915982386740190e+01 2.472816870262608063e+03 4.362273129703994812e+01 2.248643412137533915e+01 4.362273129703994812e+01 2.257364234844516886e+03
2.315548780821247419e+03 -2.915304842747714176e+01 6.431656453736591672e+00 -2.915304842747715597e+01 2.355318051014592129e+03 5.844950456092221458e+01 6.431656453736584567e+00 5.844950456092220037e+01 2.299618383478166379e+03
2.270451985783758573e+03 -1.541267367607075656e+01 -1.712293858622388498e+01 -1.541267367607071392e+01 2.363720448154612768e+03 2.807297736728013859e-01 -1.712293858622385656e+01 2.807297736727876192e-01 2.366655609988197284e+03
2.481053984978265362e+03 -4.678020269628676431e+01 -6.646303693456319195e+01 -4.678020269628677141e+01 2.313797757045622348e+03 2.080008028580747848e+01 -6.646303693456322037e+01 2.080008028580751400e+01 2.274307236608003222e+03
2.394913436136174369e+03 -1.127754644825392774e+02 -6.174104662204428706e+01 -1.127754644825391921e+02 2.362042155430123330e+03 -1.166484104326783040e+02 -6.174104662204427285e+01 -1.166484104326783040e+02 2.354767529354858652e+03
2.368981565313112696e+03 -9.029390965825722049e+01 -1.097531796482349478e+02 -9.029390965825727733e+01 2.299383129250134061e+03 -1.796357144703033981e+01 -1.097531796482349193e+02 -1.796357144703035758e+01 2.300699824830578564e+03
2.333138365394926041e+03 -5.025374166661153197e+01 -2.775762868296764907e+01 -5.025374166661155328e+01 2.259228919089105148e+03 -6.614655932777073133e+01 -2.775762868296760644e+01 -6.614655932777075975e+01 2.411310699504226250e+03
2.388274744189535795e+03 -2.826004921529393954e+01 -1.531854702996019846e+01 -2.826004921529394665e+01 2.227132507430164878e+03 -9.367150616476450864e+01 -1.531854702996024820e+01 -9.367150616476450864e+01 2.417992039825804568e+03
2.447192485168361600e+03 -5.160055067869902246e+01 -1.436461530745742721e+01 -5.160055067869899403e+01 2.279337175274829406e+03 -5.447388929566026405e+01 -1.436461530745744142e+01 -5.447388929566027116e+01 2.258093359333002354e+03
2.391575195014901965e+03 -8.194488688204335958e+00 4.552331704695461667e+01 -8.194488688204328852e+00 2.282534357324697339e+03 -7.549641884816060156e+01 4.552331704695460246e+01 -7.549641884816062998e+01 2.233932739838390717e+03
2.420451804335843917e+03 -1.641760488766951553e+01 -2.548166160099647470e+01 -1.641760488766950132e+01 2.209917839118047596e+03 9.977737740025609980e+00 -2.548166160099644628e+01 9.977737740025609980e+00 2.256997353057458895e+03
2.501878975893618190e+03 -1.081884340777786662e+02 8.189069172453133660e+01 -1.081884340777786377e+02 2.219491717443366724e+03 -1.803242941081557404e+01 8.189069172453136503e+01 -1.803242941081558115e+01 2.237835500890722415e+03
2.442391686552678038e+03 7.288218937942394504e+00 -2.920738231937859197e+00 7.288218937942433584e+00 2.195415546258595441e+03 -5.272037035106275482e+01 -2.920738231937862750e+00 -5.272037035106271219e+01 2.256565155505886196e+03
2.411460560776378770e+03 -2.208986619110460126e+01 -3.409621890058511795e+00 -2.208986619110460126e+01 2.258527022185476653e+03 -2.086378586943429525e+01 -3.409621890058464722e+00 -2.086378586943428104e+01 2.305636729950893368e+03
2.422600451285310555e+03 -7.330708579684569770e+01 5.617553333573809482e+00 -7.330708579684569770e+01 2.266753578639201805e+03 -2.695418560755002968e+00 5.617553333573798824e+00 -2.695418560755002080e+00 2.291539126907129685e+03
2.441036459063886923e+03 -1.504361736081814627e+01 -6.131888536368395393e+01 -1.504361736081816758e+01 2.209398864952726399e+03 -7.416452151287550976e+01 -6.131888536368395393e+01 -7.416452151287549555e+01 2.296101442785245126e+03
2.336973342936118115e+03 1.259801247175754213e+01 8.792736901210159317e+01 1.259801247175753502e+01 2.255998326811854440e+03 2.209716860073649158e+01 8.792736901210149369e+01 2.209716860073648093e+01 2.269824265423173074e+03
2.350214196370385253e+03 -1.267338929778868994e+01 -4.514810419078966675e+01 -1.267338929778864376e+01 2.236523257293407369e+03 -2.631072969670841033e+01 -4.514810419078967385e+01 -2.631072969670842099e+01 2.323912640179742084e+03
2.317987771348994556e+03 -2.058004921866260872e+01 -1.000340702801349977e+02 -2.058004921866261583e+01 2.313084480641925438e+03 -4.393982678222111105e+01 -1.000340702801350261e+02 -4.393982678222110394e+01 2.370199882437864744e+03
2.224384543322904392e+03 -9.784988669333067435e+00 -5.884488049653438679e+01 -9.784988669333115396e+00 2.333555988568733483e+03 1.689701636988423417e+01 -5.884488049653438679e+01 1.689701636988424838e+01 2.371958900631648248e+03
2.347237421070760774e+03 6.275196946848085489e+00 -1.077793048571185253e+01 6.275196946848058843e+00 2.340502390977209416e+03 -4.587976943458993162e+01 -1.077793048571186674e+01 -4.587976943458991741e+01 2.256652866718967744e+03
2.383743404227557221e+03 -4.592070524773217244e+01 1.660987787248765812e+01 -4.592070524773220797e+01 2.341048626516611421e+03 5.275705169240056058e+00 1.660987787248765102e+01 5.275705169240048953e+00 2.209889460097027495e+03
2.372385895201568019e+03 -5.160356371044746737e+01 -1.455435028169208422e+01 -5.160356371044746737e+01 2.342374621102351739e+03 5.486524028781496298e+01 -1.455435028169208600e+01 5.486524028781496298e+01 2.207544003363566389e+03
2.360678506529595779e+03 -4.282739267660717530e+01 2.729084959386499776e+01 -4.282739267660720373e+01 2.357443389989471598e+03 3.083008072533002419e+01 2.729084959386494802e+01 3.083008072533000998e+01 2.228403248446151338e+03
2.254479614862209019e+03 -5.953171819425129740e+01 -4.602385339489890370e+00 -5.953171819425128319e+01 2.370529370785619903e+03 8.410898285384443795e+01 -4.602385339489888594e+00 8.410898285384443795e+01 2.204776622436487742e+03
2.416304448844864964e+03 -1.514860958602156416e+01 1.561602133301516915e+01 -1.514860958602157837e+01 2.332246461650402125e+03 6.882111793623846552e+01 1.561602133301518336e+01 6.882111793623840867e+01 2.254321050701662443e+03
2.318406019066402678e+03 2.690137132707267398e+01 -9.472739292960888235e+01 2.690137132707268819e+01 2.306007903479847755e+03 2.028365037680246274e+01 -9.472739292960885393e+01 2.028365037680245564e+01 2.209538417479383043e+03
2.343896255203458622e+03 -2.443231995591426653e+01 -3.478861455944566927e+01 -2.443231995591425232e+01 2.364593388043452251e+03 1.137803567634821462e+02 -3.478861455944565506e+01 1.137803567634821746e+02 2.250767567156941823e+03
2.374192795977292008e+03 -5.102352073740964045e+01 5.357243361695105222e+01 -5.102352073740964045e+01 2.354361990499185140e+03 3.611205760643802876e+01 5.357243361695103800e+01 3.611205760643805718e+01 2.211706000469479022e+03
2.398644957729743055e+03 -1.537868498568286668e+02 2.541568005255935514e+00 -1.537868498568286668e+02 2.275069391991676184e+03 -5.506686699421192799e+01 2.541568005255940843e+00 -5.506686699421194220e+01 2.292451212905031753e+03
2.432840303089662029e+03 -9.829901072643332327e+01 -4.311720752584001559e+01 -9.829901072643330906e+01 2.171203584956388568e+03 -1.135998272905127848e+01 -4.311720752584002270e+01 -1.135998272905125717e+01 2.383354897537693432e+03
2.409254602703373166e+03 -1.117026377523433069e+02 -2.924310291311443422e+01 -1.117026377523432501e+02 2.203056079844069700e+03 -7.534166198354461130e+01 -2.924310291311440579e+01 -7.534166198354455446e+01 2.489077444520524750e+03
2.564169327077809157e+03 -1.164057575073542523e+02 1.951282359470253169e+01 -1.164057575073543234e+02 2.272624484058891994e+03 -6.367196282518436590e+01 1.951282359470253880e+01 -6.367196282518434458e+01 2.338548947714703445e+03
2.478019438820753294e+03 -7.580864549115933926e+01 1.912328950030544306e+01 -7.580864549115931084e+01 2.199431194150473402e+03 -1.987761084633068265e+01 1.912328950030546082e+01 -1.987761084633066488e+01 2.436851883948083469e+03
2.377823523454887436e+03 -4.184512769576874547e+01 -6.051016177017325504e+01 -4.184512769576874547e+01 2.208113033557428025e+03 6.538339934188480917e+00 -6.051016177017323372e+01 6.538339934188484470e+00 2.352122935689155838e+03
2.403414865503264991e+03 -1.140203006565819948e+02 2.203992781722481098e+01 -1.140203006565819663e+02 2.307060296128509890e+03 3.471472052803265029e+01 2.203992781722482519e+01 3.471472052803265029e+01 2.247073820153762881e+03
2.426354624945823616e+03 -9.808966189094161336e+01 4.765889903138690187e+01 -9.808966189094164179e+01 2.332317246436191908e+03 -1.229670658067119504e+00 4.765889903138690897e+01 -1.229670658067123501e+00 2.300974336967371073e+03
2.498474884181376638e+03 -7.174772926521953309e+01 -1.523735860054714841e+01 -7.174772926521951888e+01 2.400167148858708060e+03 -1.460969435928484472e+01 -1.523735860054716262e+01 -1.460969435928486604e+01 2.324785852869228165e+03
2.318356143751456329e+03 -9.765456544074834255e+01 -4.300656075525215982e+01 -9.765456544074834255e+01 2.361013266605350509e+03 6.176831318116507674e+01 -4.300656075525217403e+01 6.176831318116504832e+01 2.507438116056672698e+03
2.451661094394798511e+03 -7.742661658158968407e+01 3.077343124153447462e+01 -7.742661658158971250e+01 2.360776895100869297e+03 4.702891660817117980e+01 3.077343124153442488e+01 4.702891660817117270e+01 2.362802638249170741e+03
2.397766894963079267e+03 -6.260786568051377543e+01 6.273238993421720266e+01 -6.260786568051380385e+01 2.487727843226764890e+03 -2.304563367939832119e+01 6.273238993421723109e+01 -2.304563367939830343e+01 2.303440030444913646e+03
2.306046906127820421e+03 -1.068091009988773621e+01 8.187897533423254970e+01 -1.068091009988772910e+01 2.358810285996511993e+03 8.216877107305506911e+00 8.187897533423260654e+01 8.216877107305499806e+00 2.449510934789100702e+03
2.383607329222916178e+03 -1.052267027591993696e+02 1.369783535822409881e+01 -1.052267027591993411e+02 2.329071838681109512e+03 1.528241207283081735e+02 1.369783535822409171e+01 1.528241207283082304e+02 2.448112769243685307e+03
2.381893533982300141e+03 -2.824765103250032894e+01 1.051180668008110786e+02 -2.824765103250033249e+01 2.419589828867438428e+03 3.353244637906112047e+01 1.051180668008111070e+02 3.353244637906110626e+01 2.298690198671371945e+03
2.377401586639737161e+03 -6.586230270420134758e-01 1.456353011699553406e+02 -6.586230270420123656e-01 2.466817986486738391e+03 1.015176880781875290e+01 1.456353011699552837e+02 1.015176880781874935e+01 2.332298552405891769e+03
2.296113537089601323e+03 -6.064492687077924415e+01 1.018552869169458006e+02 -6.064492687077922994e+01 2.479126750551884925e+03 -2.984184127791896302e+01 1.018552869169458148e+02 -2.984184127791898433e+01 2.417206339428938918e+03
2.345611511577948932e+03 -6.020716976216778704e+01 1.167652732365432513e+02 -6.020716976216780836e+01 2.496546956554035660e+03 7.297088362218482338e+00 1.167652732365433081e+02 7.297088362218496549e+00 2.323245471417776571e+03
2.340651718184249603e+03 -5.115438058623487194e+01 5.305175663655182206e+01 -5.115438058623488615e+01 2.456744901761290294e+03 4.802184367902513173e+01 5.305175663655179363e+01 4.802184367902514595e+01 2.327269858759198996e+03
2.324312377492891301e+03 -4.630796016698581496e+01 7.705485364232741574e+01 -4.630796016698585760e+01 2.382416920030519123e+03 2.641016401689632787e+01 7.705485364232737311e+01 2.641016401689631365e+01 2.370694051493238476e+03
2.330970231935962147e+03 1.479516591841910422e+00 9.655321692282002743e+01 1.479516591841924633e+00 2.441161125873304627e+03 -7.615026220483687780e+01 9.655321692281999901e+01 -7.615026220483693464e+01 2.401145984224699532e+03
2.347326926673076741e+03 9.080317411530273164e-01 8.339902343915792926e+01 9.080317411530393068e-01 2.467418415999299668e+03 2.282069467279168151e+01 8.339902343915790084e+01 2.282069467279169572e+01 2.313078176927775530e+03
2.390353155512783360e+03 -5.127218137202214621e+01 9.526912735233067053e+01 -5.127218137202216752e+01 2.418729231762048130e+03 -6.636608215320300985e+01 9.526912735233067053e+01 -6.636608215320299564e+01 2.369009152600113339e+03
2.272027874177118520e+03 -4.770284657047852761e+01 7.375920050664181815e+01 -4.770284657047850629e+01 2.403439685108402500e+03 -1.541533817932351980e+01 7.375920050664181815e+01 -1.541533817932352690e+01 2.323024460365045343e+03
2.280931491901033496e+03 -7.445608353664057688e+01 6.221871596029686913e+01 -7.445608353664057688e+01 2.430822131388515118e+03 1.859213483123978961e+01 6.221871596029684071e+01 1.859213483123979671e+01 2.221573524376700334e+03
2.380947758752507980e+03 -1.151978648615764911e+02 -1.974728975939559206e+01 -1.151978648615764627e+02 2.449393841940526272e+03 -4.933985229497312552e+00 -1.974728975939561337e+01 -4.933985229497321434e+00 2.300463391589988987e+03
2.300697191023121377e+03 -1.296878192673736123e+02 -2.372729092624191072e+00 -1.296878192673736123e+02 2.496192729755107393e+03 1.750604125067173200e+01 -2.372729092624205283e+00 1.750604125067176398e+01 2.366773113024644772e+03
2.414166837603539534e+03 -1.470063784801470774e+02 8.122800695394015236e+01 -1.470063784801470774e+02 2.509408723475495208e+03 -2.866221776096034901e+01 8.122800695394012394e+01 -2.866221776096032769e+01 2.271669434804186949e+03
2.283244711453466607e+03 -1.506111534194969792e+01 3.490578369095928934e+01 -1.506111534194969082e+01 2.460768944346085846e+03 -1.254357136926335059e+01 3.490578369095931777e+01 -1.254357136926335592e+01 2.506230902271966443e+03
2.334037609220101785e+03 -7.977023900788751121e+01 3.018069337865613821e+00 -7.977023900788752542e+01 2.409907367640856137e+03 2.755879050326303314e+01 3.018069337865627144e+00 2.755879050326301893e+01 2.444257112803430118e+03
2.351341016338634745e+03 -4.250681252030277335e+01 -9.149409467635038595e+01 -4.250681252030280177e+01 2.396872740577874538e+03 6.552545248403669476e+00 -9.149409467635031490e+01 6.552545248403646383e+00 2.393877005143772749e+03
2.297096422849737792e+03 -5.473751699634271262e+01 -1.682141974133833529e+01 -5.473751699634272683e+01 2.386216604883276432e+03 8.720335327638318290e+01 -1.682141974133833529e+01 8.720335327638321132e+01 2.479436079215382506e+03
2.371948250285812719e+03 1.187867710840140845e+01 3.482451020850042767e+01 1.187867710840139068e+01 2.316651349077903888e+03 8.060398116964100268e+01 3.482451020850041346e+01 8.060398116964097426e+01 2.365936962532617599e+03
2.296833500091232509e+03 7.471561260857948028e+00 -1.439996220082618947e+02 7.471561260857969344e+00 2.342263436260823255e+03 1.001024690312004850e+02 -1.439996220082618379e+02 1.001024690312004850e+02 2.388024460558332521e+03
2.282953199807781402e+03 1.671297970918292819e+01 -1.000401386761429876e+02 1.671297970918295661e+01 2.406769295070093449e+03 2.373767337311204884e+01 -1.000401386761429876e+02 2.373767337311205949e+01 2.318858807996683026e+03
2.382176217338241713e+03 1.591749371984175099e+01 -1.088978280321858421e+02 1.591749371984174388e+01 2.398643965476827816e+03 2.028143935733668002e+01 -1.088978280321858989e+02 2.028143935733667647e+01 2.292407706024524032e+03
2.376317437865500779e+03 -3.514806735636388879e+01 -9.479674847763966739e+01 -3.514806735636391721e+01 2.405210277236157708e+03 -2.792497154659640302e+01 -9.479674847763975265e+01 -2.792497154659643144e+01 2.351228582204460963e+03
2.332897956394086577e+03 -6.359981671697259742e+01 -2.190652312192061757e+01 -6.359981671697257610e+01 2.413068822957331577e+03 3.055517259970698163e+01 -2.190652312192059625e+01 3.055517259970697452e+01 2.376430224084134352e+03
2.285126057562921233e+03 -7.124802985868857519e+00 -2.406107065802954281e+01 -7.124802985868844196e+00 2.454371745372859095e+03 3.964343024286930017e+01 -2.406107065802952505e+01 3.964343024286930728e+01 2.444896224103802069e+03
2.368423139552850898e+03 9.211280112618885241e+00 2.892143718387062279e+01 9.211280112618885241e+00 2.341846786890508611e+03 8.986335808847196738e-01 2.892143718387063700e+01 8.986335808847183415e-01 2.392022054521901737e+03
2.421712374647592696e+03 -4.891548036986139181e+01 -4.798530366593100638e+01 -4.891548036986136339e+01 2.383344698499951392e+03 -3.858322013020243801e+00 -4.798530366593104901e+01 -3.858322013020261565e+00 2.337766226477314376e+03
2.351181971896523009e+03 -1.713499487619928985e+01 -4.643077048575459997e+01 -1.713499487619931827e+01 2.375013264636932036e+03 1.084828747869251231e+02 -4.643077048575461419e+01 1.084828747869250378e+02 2.374813380662551936e+03
2.345038324679072502e+03 4.890665534574990403e+01 -6.809485479833384147e+01 4.890665534574988982e+01 2.320783227889346108e+03 1.437915222376200575e+02 -6.809485479833384147e+01 1.437915222376200006e+02 2.475014064073249756e+03
2.324217370882735395e+03 -2.178739059006645107e+00 -1.389080094515937835e+00 -2.178739059006658429e+00 2.403988351959987995e+03 4.055432540297117328e+01 -1.389080094515943165e+00 4.055432540297113775e+01 2.456976185908720254e+03
2.406378751524206564e+03 -6.826972598961518202e-01 2.628029026850771110e+00 -6.826972598961131844e-01 2.401467647518376907e+03 -7.827470674330562872e+01 2.628029026850775107e+00 -7.827470674330564293e+01 2.430764650994201475e+03
2.314502898301841924e+03 2.496377656067963713e+01 2.078493343437867935e+01 2.496377656067965844e+01 2.371867729096775747e+03 -5.134212784023007003e+01 2.078493343437869001e+01 -5.134212784023005582e+01 2.468457809383723998e+03
2.365477607039653776e+03 1.279005198000766086e+01 -3.002458053691204753e+01 1.279005198000765908e+01 2.491932413222319155e+03 -9.748585637264375237e+01 -3.002458053691204043e+01 -9.748585637264378079e+01 2.413073088239707431e+03
2.363971586474101514e+03 1.235734614485088230e+02 1.896557989511889986e+01 1.235734614485088088e+02 2.521590769637177345e+03 -3.027150376453483460e+01 1.896557989511892117e+01 -3.027150376453485947e+01 2.420248532546663682e+03
2.369397978914716077e+03 8.750624186069877908e+01 4.652832463578679523e+01 8.750624186069876487e+01 2.460489233169338149e+03 -7.213329432037239641e+00 4.652832463578680944e+01 -7.213329432037279609e+00 2.486426404609554993e+03
2.372980862613804220e+03 -1.135652666711944470e+01 -1.154456331198451409e+02 -1.135652666711945891e+01 2.493675346273158993e+03 2.157066136715376103e+01 -1.154456331198450840e+02 2.157066136715378946e+01 2.462221636518243486e+03
2.419613544532556716e+03 2.264476979235554666e+01 -6.726011441413322700e+01 2.264476979235553245e+01 2.411094347956069669e+03 -6.789739435951764790e+01 -6.726011441413322700e+01 -6.789739435951766211e+01 2.469043524726860142e+03
2.455778428480502498e+03 -1.064524412135661890e+01 -1.066734168707915700e+02 -1.064524412135656917e+01 2.489469752864820293e+03 -3.934696130426464578e+01 -1.066734168707915700e+02 -3.934696130426465999e+01 2.433132659816480555e+03
2.430938757167603853e+03 7.051280472021888457e+00 -1.585324941196400346e+02 7.051280472021868917e+00 2.496670376384129213e+03 7.102007032389085595e+00 -1.585324941196400346e+02 7.102007032389092700e+00 2.418605048059362616e+03
2.394552757352671506e+03 1.700277557932506056e+01 -1.428555175129906445e+02 1.700277557932505346e+01 2.563599132429796100e+03 7.390989168886260074e+01 -1.428555175129906729e+02 7.390989168886260074e+01 2.371914014874458644e+03
2.463099270123472706e+03 -2.836127674934367349e+01 -1.183795681746391466e+02 -2.836127674934367349e+01 2.501452896885038626e+03 2.364525372969465522e+01 -1.183795681746391892e+02 2.364525372969466233e+01 2.406482999022307467e+03
2.434940286768527585e+03 -4.041208133039023664e+01 -8.565887772992022064e+01 -4.041208133039022243e+01 2.535893088735168021e+03 6.025387059033390358e+01 -8.565887772992022064e+01 6.025387059033391779e+01 2.355417581671443713e+03
2.380211303171656709e+03 -1.022079134268111034e+02 -8.230659211854668911e+01 -1.022079134268110749e+02 2.484376629124664760e+03 5.071110006190045283e+01 -8.230659211854668911e+01 5.071110006190045283e+01 2.439262246907675944e+03
2.326091580981252719e+03 6.290825924549858783e+00 -7.445283843540401847e+01 6.290825924549834802e+00 2.513919439355571740e+03 1.150785507578903832e+02 -7.445283843540400426e+01 1.150785507578903264e+02 2.399622514106728431e+03
2.311527340789187747e+03 7.383271081545419179e+01 -3.023614537313713413e+01 7.383271081545417758e+01 2.358652873879444087e+03 1.254435812816254838e+02 -3.023614537313711992e+01 1.254435812816254838e+02 2.496149784116441879e+03
2.344500860975025716e+03 -3.929187104450573997e+01 2.249782059176597215e+01 -3.929187104450574708e+01 2.461792992556408080e+03 8.797826058778514380e+01 2.249782059176597571e+01 8.797826058778514380e+01 2.422635089655474530e+03
2.317650311628672171e+03 3.128663978216525621e+01 -2.932817181208552526e+01 3.128663978216522779e+01 2.513057268335748176e+03 3.241444241911391089e+01 -2.932817181208551816e+01 3.241444241911389668e+01 2.436226364350192398e+03
2.305364008451746031e+03 -8.303253865253134691e+00 4.700715275361276468e+01 -8.303253865253102717e+00 2.502545814986817277e+03 3.472599271071057103e+01 4.700715275361274337e+01 3.472599271071062077e+01 2.454656073876843038e+03
2.325105219317109004e+03 -1.144650090346980420e+01 4.551344388370756633e+01 -1.144650090346982552e+01 2.456597789899404688e+03 5.395346475376799589e+01 4.551344388370753791e+01 5.395346475376801010e+01 2.394321107320732153e+03
2.313857120207908793e+03 -2.612079070356842436e+01 -4.742691087248205406e+01 -2.612079070356843857e+01 2.488563265749268794e+03 -1.884132204384006570e+01 -4.742691087248203985e+01 -1.884132204384005149e+01 2.412541008860130205e+03
2.222828459896414643e+03 4.472056289372100224e+01 8.297570222451822985e+01 4.472056289372100224e+01 2.510048758610198547e+03 -4.734242965344420639e+01 8.297570222451821564e+01 -4.734242965344419218e+01 2.243593474364352005e+03
2.225586822461356405e+03 -1.155113259516444479e+01 3.179713395366898254e+01 -1.155113259516442348e+01 2.469835477003538927e+03 4.951560971396249755e+01 3.179713395366897544e+01 4.951560971396249755e+01 2.317000847041451379e+03
2.407699020073282554e+03 -1.430028730397337711e+01 5.296318861564876102e+01 -1.430028730397338421e+01 2.450473542260310751e+03 3.156671077087383637e+01 5.296318861564871838e+01 3.156671077087387189e+01 2.235989140650507125e+03
2.339199706266694193e+03 -3.522307386429967835e+01 1.640035422973803847e+01 -3.522307386429967124e+01 2.514770633617798921e+03 -1.186518930817614326e+01 1.640035422973803136e+01 -1.186518930817613615e+01 2.181672766757404588e+03
2.304491771142249036e+03 7.712893303602294282e+01 1.231972097561466128e+01 7.712893303602294282e+01 2.480596913966363900e+03 4.619966240017325987e+01 1.231972097561467017e+01 4.619966240017325987e+01 2.189503415310794480e+03
2.400245666360586256e+03 4.039184889178550009e+01 -2.645040208921411207e+01 4.039184889178548588e+01 2.435911983191475429e+03 5.171245261612178012e+01 -2.645040208921409786e+01 5.171245261612178012e+01 2.228499971243602886e+03
2.364372184455353818e+03 1.073566776601371942e+02 -5.056679276719931693e+01 1.073566776601371515e+02 2.443191987303378482e+03 1.015379889451539270e+02 -5.056679276719933114e+01 1.015379889451538986e+02 2.244839771713166556e+03
2.504606229276803788e+03 1.968881717169106338e+01 1.863664496353169220e+00 1.968881717169111312e+01 2.557101716295729602e+03 1.803226299056952797e+01 1.863664496353181210e+00 1.803226299056955639e+01 2.336928297611882044e+03
2.459001404322562848e+03 -1.634249978294020877e+01 -3.658247150274514325e+01 -1.634249978294016969e+01 2.507912157907654546e+03 7.925370880184598832e+01 -3.658247150274514325e+01 7.925370880184595990e+01 2.311293974200623779e+03
2.370506833743000243e+03 -6.558091045985763401e+01 -7.161492356687735139e+01 -6.558091045985760559e+01 2.550391711335368655e+03 7.709910024237208859e+01 -7.161492356687737981e+01 7.709910024237208859e+01 2.309630996876605877e+03
2.401316727692601489e+03 -4.168290935912489203e+01 -7.218742464213329413e+01 -4.168290935912489203e+01 2.472526481731609692e+03 1.011236540306231149e+02 -7.218742464213327992e+01 1.011236540306231007e+02 2.352167479200065372e+03
2.331294929756812962e+03 2.475021933690739928e+01 -1.115956497461463073e+02 2.475021933690739218e+01 2.611875390595511362e+03 -2.705567298337550142e+01 -1.115956497461462931e+02 -2.705567298337550852e+01 2.407269515695259088e+03
2.286353781613566298e+03 8.166259157958979387e+00 -3.448074638139832615e+01 8.166259157958982939e+00 2.656275725664366746e+03 3.169457708687716746e+01 -3.448074638139835457e+01 3.169457708687714614e+01 2.385559968311411012e+03
2.350511029483317088e+03 4.998552962074608530e+01 -8.647455880391608218e+01 4.998552962074609951e+01 2.637383315813087847e+03 7.191710793762082332e+00 -8.647455880391606797e+01 7.191710793762071674e+00 2.357976069335583361e+03
