0.000000000000000000e+00 0.000000000000000000e+00 0.000000000000000000e+00
2.000000000000000042e-02 0.000000000000000000e+00 0.000000000000000000e+00
4.000000000000000083e-02 0.000000000000000000e+00 0.000000000000000000e+00
5.999999999999999778e-02 0.000000000000000000e+00 0.000000000000000000e+00
8.000000000000000167e-02 0.000000000000000000e+00 0.000000000000000000e+00
1.000000000000000056e-01 0.000000000000000000e+00 0.000000000000000000e+00
1.199999999999999956e-01 0.000000000000000000e+00 0.000000000000000000e+00
1.400000000000000133e-01 0.000000000000000000e+00 0.000000000000000000e+00
1.600000000000000033e-01 0.000000000000000000e+00 0.000000000000000000e+00
1.799999999999999933e-01 0.000000000000000000e+00 0.000000000000000000e+00
2.000000000000000111e-01 0.000000000000000000e+00 0.000000000000000000e+00
2.200000000000000011e-01 0.000000000000000000e+00 0.000000000000000000e+00
2.399999999999999911e-01 0.000000000000000000e+00 0.000000000000000000e+00
2.600000000000000089e-01 0.000000000000000000e+00 0.000000000000000000e+00
2.800000000000000266e-01 0.000000000000000000e+00 0.000000000000000000e+00
2.999999999999999889e-01 0.000000000000000000e+00 0.000000000000000000e+00
3.200000000000000067e-01 0.000000000000000000e+00 0.000000000000000000e+00
3.400000000000000244e-01 0.000000000000000000e+00 0.000000000000000000e+00
3.599999999999999867e-01 0.000000000000000000e+00 0.000000000000000000e+00
3.800000000000000044e-01 0.000000000000000000e+00 0.000000000000000000e+00
4.000000000000000222e-01 0.000000000000000000e+00 0.000000000000000000e+00
4.199999999999999845e-01 0.000000000000000000e+00 0.000000000000000000e+00
4.400000000000000022e-01 0.000000000000000000e+00 0.000000000000000000e+00
4.600000000000000200e-01 0.000000000000000000e+00 0.000000000000000000e+00
4.799999999999999822e-01 0.000000000000000000e+00 0.000000000000000000e+00
5.000000000000000000e-01 0.000000000000000000e+00 0.000000000000000000e+00
5.200000000000000178e-01 0.000000000000000000e+00 0.000000000000000000e+00
5.400000000000000355e-01 0.000000000000000000e+00 0.000000000000000000e+00
5.600000000000000533e-01 0.000000000000000000e+00 0.000000000000000000e+00
5.799999999999999600e-01 0.000000000000000000e+00 0.000000000000000000e+00
5.999999999999999778e-01 1.000000000000000000e+00 1.341654160697866702e-04
6.199999999999999956e-01 1.000000000000000000e+00 1.257828942730177891e-04
6.400000000000000133e-01 1.000000000000000000e+00 1.181620941151073070e-04
6.600000000000000311e-01 6.000000000000000000e+00 6.672806823595627554e-04
6.800000000000000488e-01 1.800000000000000000e+01 1.887483106276656008e-03
7.000000000000000666e-01 4.100000000000000000e+01 4.060482075186918997e-03
7.199999999999999734e-01 1.080000000000000000e+02 1.011789167752906622e-02
7.399999999999999911e-01 1.990000000000000000e+02 1.766216628914531184e-02
7.600000000000000089e-01 4.380000000000000000e+02 3.688140008946242526e-02
7.800000000000000266e-01 9.250000000000000000e+02 7.399519344840117807e-02
8.000000000000000444e-01 1.730000000000000000e+03 1.316416012830402549e-01
8.200000000000000622e-01 3.017000000000000000e+03 2.186438504448590947e-01
8.399999999999999689e-01 4.963000000000000000e+03 3.429458426338057309e-01
8.599999999999999867e-01 7.905000000000000000e+03 5.214148530495640310e-01
8.800000000000000044e-01 1.179900000000000000e+04 7.436799400913787217e-01
9.000000000000000222e-01 1.639200000000000000e+04 9.882591281762529434e-01
9.200000000000000400e-01 2.140900000000000000e+04 1.235813407253403939e+00
9.400000000000000577e-01 2.643300000000000000e+04 1.462252458315366654e+00
9.599999999999999645e-01 2.957600000000000000e+04 1.569349735127236078e+00
9.799999999999999822e-01 3.191700000000000000e+04 1.625833467405246369e+00
1.000000000000000000e+00 3.183900000000000000e+04 1.558266145098469391e+00
1.020000000000000018e+00 3.165200000000000000e+04 1.489540161454007583e+00
1.040000000000000036e+00 3.158600000000000000e+04 1.430349134122261168e+00
1.060000000000000053e+00 3.114300000000000000e+04 1.358061386453693453e+00
1.080000000000000071e+00 3.135200000000000000e+04 1.317465420470682824e+00
1.100000000000000089e+00 3.173600000000000000e+04 1.285978286061528975e+00
1.120000000000000107e+00 3.140400000000000000e+04 1.227879926592808868e+00
1.140000000000000124e+00 3.154800000000000000e+04 1.190979703030490500e+00
1.159999999999999920e+00 3.195500000000000000e+04 1.165455452867778074e+00
1.179999999999999938e+00 3.249000000000000000e+04 1.145472641124911428e+00
1.199999999999999956e+00 3.297000000000000000e+04 1.124287737545581090e+00
1.219999999999999973e+00 3.322800000000000000e+04 1.096537693704128902e+00
1.239999999999999991e+00 3.355700000000000000e+04 1.072242437746157018e+00
1.260000000000000009e+00 3.376400000000000000e+04 1.045145197398622550e+00
1.280000000000000027e+00 3.484400000000000000e+04 1.045391682019232160e+00
1.300000000000000044e+00 3.510000000000000000e+04 1.021163408934983696e+00
1.320000000000000062e+00 3.595400000000000000e+04 1.014787019214617558e+00
1.340000000000000080e+00 3.620300000000000000e+04 9.917637608681554307e-01
1.360000000000000098e+00 3.752700000000000000e+04 9.982381304725985727e-01
1.380000000000000115e+00 3.820400000000000000e+04 9.872130740103943758e-01
1.400000000000000133e+00 3.910700000000000000e+04 9.820829006196127864e-01
1.419999999999999929e+00 3.957900000000000000e+04 9.663285655818852904e-01
1.439999999999999947e+00 4.072300000000000000e+04 9.670212761722573047e-01
1.459999999999999964e+00 4.206900000000000000e+04 9.719859223911780921e-01
1.479999999999999982e+00 4.282500000000000000e+04 9.630691451227799682e-01
1.500000000000000000e+00 4.421000000000000000e+04 9.680536487367245035e-01
1.520000000000000018e+00 4.538200000000000000e+04 9.679072449514538601e-01
1.540000000000000036e+00 4.626600000000000000e+04 9.614610309905291530e-01
1.560000000000000053e+00 4.715600000000000000e+04 9.551485838308817478e-01
1.580000000000000071e+00 4.863800000000000000e+04 9.605387469798601918e-01
1.600000000000000089e+00 4.960600000000000000e+04 9.554677370555014759e-01
1.620000000000000107e+00 5.096600000000000000e+04 9.577210817381925922e-01
1.640000000000000124e+00 5.247700000000000000e+04 9.623542055248465177e-01
1.660000000000000142e+00 5.350400000000000000e+04 9.578274371143802313e-01
1.679999999999999938e+00 5.556900000000000000e+04 9.713891729414727561e-01
1.699999999999999956e+00 5.690200000000000000e+04 9.715597505823518887e-01
1.719999999999999973e+00 5.861500000000000000e+04 9.778019095397680882e-01
1.739999999999999991e+00 6.002100000000000000e+04 9.785016389153964322e-01
1.760000000000000009e+00 6.165400000000000000e+04 9.825377819962197723e-01
1.780000000000000027e+00 6.327200000000000000e+04 9.859165056693024454e-01
1.800000000000000044e+00 6.522500000000000000e+04 9.940121070960393768e-01
1.820000000000000062e+00 6.672500000000000000e+04 9.947666917957163069e-01
1.840000000000000080e+00 6.813400000000000000e+04 9.939289822614921777e-01
1.860000000000000098e+00 6.998400000000000000e+04 9.991957161220964556e-01
1.880000000000000115e+00 7.221400000000000000e+04 1.009329334656165811e+00
1.900000000000000133e+00 7.396900000000000000e+04 1.012320891655772881e+00
1.919999999999999929e+00 7.558200000000000000e+04 1.013069009642623142e+00
1.939999999999999947e+00 7.694400000000000000e+04 1.010277974453510197e+00
1.959999999999999964e+00 7.901800000000000000e+04 1.016550610711637104e+00
1.979999999999999982e+00 7.995900000000000000e+04 1.008083950619027336e+00
2.000000000000000000e+00 8.237000000000000000e+04 1.017917364205015884e+00
2.020000000000000018e+00 8.385200000000000000e+04 1.015914108939073746e+00
2.040000000000000036e+00 8.510800000000000000e+04 1.011109923993499082e+00
2.060000000000000053e+00 8.667400000000000000e+04 1.009912912946434815e+00
2.080000000000000071e+00 8.874700000000000000e+04 1.014371292092044685e+00
2.100000000000000089e+00 9.066700000000000000e+04 1.016764181924142640e+00
2.120000000000000107e+00 9.148600000000000000e+04 1.006772621667450851e+00
2.140000000000000124e+00 9.328600000000000000e+04 1.007570804313067114e+00
2.160000000000000142e+00 9.501700000000000000e+04 1.007437069692211473e+00
2.180000000000000160e+00 9.736400000000000000e+04 1.013552652483396432e+00
2.200000000000000178e+00 9.819200000000000000e+04 1.003755064355770221e+00
2.220000000000000195e+00 9.981500000000000000e+04 1.002125997398475965e+00
2.240000000000000213e+00 1.016990000000000000e+05 1.002969997077284514e+00
2.260000000000000231e+00 1.035150000000000000e+05 1.002969941446919089e+00
2.280000000000000249e+00 1.060600000000000000e+05 1.009757418401697748e+00
2.300000000000000266e+00 1.067710000000000000e+05 9.990006998568600194e-01
2.319999999999999840e+00 1.091830000000000000e+05 1.004106248006686242e+00
2.339999999999999858e+00 1.111270000000000000e+05 1.004662979181529359e+00
2.359999999999999876e+00 1.123010000000000000e+05 9.982136610401461940e-01
2.379999999999999893e+00 1.145240000000000000e+05 1.001007489716482457e+00
2.399999999999999911e+00 1.162850000000000000e+05 9.996000622763752119e-01
2.419999999999999929e+00 1.182490000000000000e+05 9.998195691958794429e-01
2.439999999999999947e+00 1.202880000000000000e+05 1.000522543478382209e+00
2.459999999999999964e+00 1.223900000000000000e+05 1.001587302846171923e+00
2.479999999999999982e+00 1.245630000000000000e+05 1.003060630971917666e+00
2.500000000000000000e+00 1.263420000000000000e+05 1.001237625634912254e+00
2.520000000000000018e+00 1.286800000000000000e+05 1.003706884828245327e+00
2.540000000000000036e+00 1.301190000000000000e+05 9.990731435558348750e-01
2.560000000000000053e+00 1.326070000000000000e+05 1.002391018038770065e+00
2.580000000000000071e+00 1.344380000000000000e+05 1.000597726218956041e+00
2.600000000000000089e+00 1.366130000000000000e+05 1.001262713582570463e+00
2.620000000000000107e+00 1.390010000000000000e+05 1.003329287632935163e+00
2.640000000000000124e+00 1.409980000000000000e+05 1.002439792667535912e+00
2.660000000000000142e+00 1.430260000000000000e+05 1.001681365168111126e+00
2.680000000000000160e+00 1.442820000000000000e+05 9.955079854952800789e-01
2.700000000000000178e+00 1.472170000000000000e+05 1.000821359281973688e+00
2.720000000000000195e+00 1.501890000000000000e+05 1.006120606838065035e+00
2.740000000000000213e+00 1.522610000000000000e+05 1.005218634348614248e+00
2.760000000000000231e+00 1.534500000000000000e+05 9.984920764015742245e-01
2.780000000000000249e+00 1.563830000000000000e+05 1.003040407309315096e+00
2.800000000000000266e+00 1.584180000000000000e+05 1.001680473485677014e+00
2.819999999999999840e+00 1.611340000000000000e+05 1.004503986165327323e+00
2.839999999999999858e+00 1.639610000000000000e+05 1.007832156367522769e+00
2.859999999999999876e+00 1.660640000000000000e+05 1.006581857663992885e+00
2.879999999999999893e+00 1.680240000000000000e+05 1.004414689202918431e+00
2.899999999999999911e+00 1.694070000000000000e+05 9.988098557197236937e-01
2.919999999999999929e+00 1.720840000000000000e+05 1.000789454267754675e+00
2.939999999999999947e+00 1.743760000000000000e+05 1.000414944336596612e+00
2.959999999999999964e+00 1.772400000000000000e+05 1.003197304271465029e+00
2.979999999999999982e+00 1.802010000000000000e+05 1.006357657843517384e+00
3.000000000000000000e+00 1.820830000000000000e+05 1.003399698293917064e+00
3.020000000000000018e+00 1.848210000000000000e+05 1.005086956160507583e+00
3.040000000000000036e+00 1.875000000000000000e+05 1.006327155284156394e+00
3.060000000000000053e+00 1.893140000000000000e+05 1.002867597913891684e+00
3.080000000000000071e+00 1.919750000000000000e+05 1.003841985843546114e+00
3.100000000000000089e+00 1.934130000000000000e+05 9.983953310636931588e-01
3.120000000000000107e+00 1.966990000000000000e+05 1.002423303385428843e+00
3.140000000000000124e+00 1.989970000000000000e+05 1.001297467137091557e+00
3.160000000000000142e+00 2.018920000000000000e+05 1.003086302886157410e+00
3.180000000000000160e+00 2.040180000000000000e+05 1.000978736616796150e+00
3.200000000000000178e+00 2.073340000000000000e+05 1.004611653314242847e+00
3.220000000000000195e+00 2.092930000000000000e+05 1.001584109928228994e+00
3.240000000000000213e+00 2.118470000000000000e+05 1.001367243296402920e+00
3.260000000000000231e+00 2.153680000000000000e+05 1.005595846263286797e+00
3.280000000000000249e+00 2.172110000000000000e+05 1.001907982090713523e+00
3.300000000000000266e+00 2.198060000000000000e+05 1.001662440203697768e+00
3.320000000000000284e+00 2.236290000000000000e+05 1.006879512598555904e+00
3.339999999999999858e+00 2.248920000000000000e+05 1.000511898007450551e+00
3.359999999999999876e+00 2.282040000000000000e+05 1.003231895266692986e+00
3.379999999999999893e+00 2.313930000000000000e+05 1.005283872964649383e+00
3.399999999999999911e+00 2.331350000000000000e+05 1.001005883234046934e+00
3.419999999999999929e+00 2.374840000000000000e+05 1.007822476044501592e+00
3.439999999999999947e+00 2.385470000000000000e+05 1.000630433886273929e+00
3.459999999999999964e+00 2.417070000000000000e+05 1.002231921551439919e+00
3.479999999999999982e+00 2.445860000000000000e+05 1.002579238667027361e+00
3.500000000000000000e+00 2.467840000000000000e+05 1.000093825909584400e+00
3.520000000000000018e+00 2.496630000000000000e+05 1.000328787568576017e+00
3.540000000000000036e+00 2.540910000000000000e+05 1.006631653257393788e+00
3.560000000000000053e+00 2.568260000000000000e+05 1.006098669366978893e+00
3.580000000000000071e+00 2.591060000000000000e+05 1.003752417734486091e+00
3.600000000000000089e+00 2.622750000000000000e+05 1.004802104425695619e+00
3.620000000000000107e+00 2.644220000000000000e+05 1.001895421550612397e+00
3.640000000000000124e+00 2.676610000000000000e+05 1.003084305897364636e+00
3.660000000000000142e+00 2.724610000000000000e+05 1.009974242028200075e+00
3.680000000000000160e+00 2.728140000000000000e+05 1.000350083339161866e+00
3.700000000000000178e+00 2.762920000000000000e+05 1.002209682195067453e+00
3.720000000000000195e+00 2.795990000000000000e+05 1.003358339233899832e+00
3.740000000000000213e+00 2.825780000000000000e+05 1.003261015877576545e+00
3.760000000000000231e+00 2.857560000000000000e+05 1.003808326901467263e+00
3.780000000000000249e+00 2.884910000000000000e+05 1.002748442855464495e+00
3.800000000000000266e+00 2.911520000000000000e+05 1.001400915319652363e+00
3.820000000000000284e+00 2.943390000000000000e+05 1.001817076378894056e+00
3.839999999999999858e+00 2.967770000000000000e+05 9.996476736381177952e-01
3.859999999999999876e+00 3.005750000000000000e+05 1.002003212843538549e+00
3.879999999999999893e+00 3.033780000000000000e+05 1.000974651290479356e+00
3.899999999999999911e+00 3.071450000000000000e+05 1.003062843356017586e+00
3.919999999999999929e+00 3.103820000000000000e+05 1.003343506013346653e+00
3.939999999999999947e+00 3.130780000000000000e+05 1.001835891686300828e+00
3.959999999999999964e+00 3.164060000000000000e+05 1.002309699931499098e+00
3.979999999999999982e+00 3.208820000000000000e+05 1.006323952954341072e+00
4.000000000000000000e+00 3.228940000000000000e+05 1.002557948336420424e+00
4.020000000000000462e+00 3.269480000000000000e+05 1.005094407044255789e+00
4.040000000000000036e+00 3.285150000000000000e+05 9.999618472230106248e-01
4.060000000000000497e+00 3.336370000000000000e+05 1.005596307519358579e+00
4.080000000000000071e+00 3.357760000000000000e+05 1.002169830854083399e+00
4.099999999999999645e+00 3.402230000000000000e+05 1.005583928937887839e+00
4.120000000000000107e+00 3.420170000000000000e+05 1.001119443309570034e+00
4.139999999999999680e+00 3.458540000000000000e+05 1.002616676246143035e+00
4.160000000000000142e+00 3.488370000000000000e+05 1.001587176029917758e+00
4.179999999999999716e+00 3.523140000000000000e+05 1.001936471376524196e+00
4.200000000000000178e+00 3.552930000000000000e+05 1.000831112247474897e+00
4.219999999999999751e+00 3.607660000000000000e+05 1.006660927578785447e+00
4.240000000000000213e+00 3.624980000000000000e+05 1.001996277595277540e+00
4.259999999999999787e+00 3.666500000000000000e+05 1.004001357962883700e+00
4.280000000000000249e+00 3.695150000000000000e+05 1.002434157615369470e+00
4.299999999999999822e+00 3.739270000000000000e+05 1.005010641995293996e+00
4.320000000000000284e+00 3.773380000000000000e+05 1.004831250596427195e+00
4.339999999999999858e+00 3.796400000000000000e+05 1.001686546070971850e+00
4.360000000000000320e+00 3.825530000000000000e+05 1.000154595968392179e+00
4.379999999999999893e+00 3.877350000000000000e+05 1.004487111830536072e+00
4.400000000000000355e+00 3.910300000000000000e+05 1.003855746802394311e+00
4.419999999999999929e+00 3.935210000000000000e+05 1.001149368992398259e+00
4.440000000000000391e+00 3.970810000000000000e+05 1.001146212816780512e+00
4.459999999999999964e+00 4.002720000000000000e+05 1.000180988837723328e+00
4.480000000000000426e+00 4.060260000000000000e+05 1.005540574502816309e+00
4.500000000000000000e+00 4.082160000000000000e+05 1.002017674983376683e+00
4.520000000000000462e+00 4.129640000000000000e+05 1.004741265096638303e+00
4.540000000000000036e+00 4.160470000000000000e+05 1.003362942616432996e+00
4.560000000000000497e+00 4.197740000000000000e+05 1.003509752117931253e+00
4.580000000000000071e+00 4.228650000000000000e+05 1.002108711025090360e+00
4.600000000000000533e+00 4.276280000000000000e+05 1.004622167649169118e+00
4.620000000000000107e+00 4.307610000000000000e+05 1.003258560350448692e+00
4.639999999999999680e+00 4.342790000000000000e+05 1.002770175721089396e+00
4.660000000000000142e+00 4.386920000000000000e+05 1.004302270786944007e+00
4.679999999999999716e+00 4.407790000000000000e+05 1.000492198763081486e+00
4.700000000000000178e+00 4.457890000000000000e+05 1.003288966048761610e+00
4.719999999999999751e+00 4.501700000000000000e+05 1.004599079708316856e+00
4.740000000000000213e+00 4.532470000000000000e+05 1.002966049283109617e+00
4.759999999999999787e+00 4.569220000000000000e+05 1.002637236540116383e+00
4.780000000000000249e+00 4.606010000000000000e+05 1.002287637431130474e+00
4.799999999999999822e+00 4.656510000000000000e+05 1.004867768753362478e+00
4.820000000000000284e+00 4.681950000000000000e+05 1.002007666258406315e+00
4.839999999999999858e+00 4.715180000000000000e+05 1.000813923411974837e+00
4.860000000000000320e+00 4.767140000000000000e+05 1.003548875055318756e+00
4.879999999999999893e+00 4.801700000000000000e+05 1.002572652462844660e+00
4.900000000000000355e+00 4.836630000000000000e+05 1.001655627934603610e+00
4.919999999999999929e+00 4.881690000000000000e+05 1.002801368280061389e+00
4.940000000000000391e+00 4.922860000000000000e+05 1.003103282048618983e+00
4.959999999999999964e+00 4.965110000000000000e+05 1.003586165548141507e+00
4.980000000000000426e+00 4.994050000000000000e+05 1.001360297926236154e+00
